# Tue 22:34:44 07-Sep-2021
begin	identify iazcomp.0009 - Ap 9
	id	iazcomp.0009
	task	identify
	image	iazcomp.0009 - Ap 9
	aperture	9
	aplow	1050.42
	aphigh	1058.43
	units	Angstroms
	features	28
	        148.84 4423.71817  4423.7202   4.0 1 1 
	        201.51  4422.0483  4422.0479   4.0 1 1 
	        217.31 4421.54503  4421.5439   4.0 1 1 
	        381.66 4416.23941   4416.237   4.0 1 1 
	        573.13 4409.89819  4409.8991   4.0 1 1 
	        603.32 4408.88258  4408.8828   4.0 1 1 
	        816.67 4401.58191  4401.5812   4.0 1 1 
	        833.81 4400.98626  4400.9863   4.0 1 1 
	        859.39 4400.09422  4400.0968   4.0 1 1 
	        879.09  4399.4051   4399.406   4.0 1 1 
	        962.21 4396.47773  4396.4783   4.0 1 1 
	       1038.57 4393.75966   4393.759   4.0 1 1 
	       1112.24 4391.11092  4391.1105   4.0 1 1 
	       1277.97 4385.05811  4385.0566   4.0 1 1 
	       1364.11 4381.86085  4381.8601   4.0 1 1 
	       1406.20 4380.28619  4380.2863   4.0 1 1 
	       1422.66 4379.66784  4379.6668   4.0 1 1 
	       1462.22 4378.17711  4378.1768   4.0 1 1 
	       1520.83 4375.95451  4375.9542   4.0 1 1 
	       1611.37 4372.48993    4372.49   4.0 1 1 
	       1641.50 4371.32886   4371.329   4.0 1 1 
	       1656.40 4370.75298  4370.7532   4.0 1 1 
	       1679.08 4369.87446  4369.8756   4.0 1 1 
	       1731.60 4367.83077  4367.8316   4.0 1 1 
	       1780.18 4365.92908  4365.9301   4.0 1 1 
	       1878.03 4362.06591  4362.0662   4.0 1 1 
	       1945.60 4359.37311  4359.3719   4.0 1 1 
	       1989.47 4357.61342  4357.6132   4.0 1 1 
	function chebyshev
	order 5
	sample *
	naverage 1
	niterate 2000
	low_reject 3.
	high_reject 3.
	grow 0.
	coefficients	9
		1.
		5.
		148.839599609375
		1989.47314453125
		4391.662815305711
		-33.05474495600415
		-0.9986094103151116
		0.002371613633288246
		0.001589492654847097

# Fri 10:48:06 11-Mar-2022
begin	identify iazcomp.0009 - Ap 9
	id	iazcomp.0009
	task	identify
	image	iazcomp.0009 - Ap 9
	aperture	9
	aplow	1050.42
	aphigh	1058.43
	units	Angstroms
	features	41
	         61.18 4426.00112  4426.0011   4.0 1 1 
	        133.78 4423.71997  4423.7202   4.0 1 1 
	        186.52 4422.04751  4422.0479   4.0 1 1 
	        202.36   4421.543  4421.5439   4.0 1 1 
	        348.10 4416.84474  4416.8447   4.0 1 1 
	        366.67 4416.23904   4416.237   4.0 1 1 
	        420.08 4414.48775  4414.4863   4.0 1 1 
	        558.14 4409.89986  4409.8991   4.0 1 1 
	        588.40 4408.88221  4408.8828   4.0 1 1 
	        763.04 4402.92547  4402.9271   4.0 1 1 
	        782.71 4402.24569  4402.2452   4.0 1 1 
	        801.89 4401.58098  4401.5812   4.0 1 1 
	        819.02 4400.98568  4400.9863   4.0 1 1 
	        844.60  4400.0941  4400.0968   4.0 1 1 
	        864.35 4399.40378   4399.406   4.0 1 1 
	        947.47 4396.47844  4396.4783   4.0 1 1 
	       1023.87 4393.76029   4393.759   4.0 1 1 
	       1045.77 4392.97607   4392.974   4.0 1 1 
	       1089.85 4391.39102  4391.3893   4.0 1 1 
	       1097.62 4391.11035  4391.1105   4.0 1 1 
	       1263.44 4385.05834  4385.0566   4.0 1 1 
	       1349.65 4381.86094  4381.8601   4.0 1 1 
	       1362.04 4381.39837  4381.4018   4.0 1 1 
	       1391.78  4380.2853  4380.2863   4.0 1 1 
	       1408.23 4379.66791  4379.6668   4.0 1 1 
	       1447.81 4378.17725  4378.1768   4.0 1 1 
	       1506.45 4375.95523  4375.9542   4.0 1 1 
	       1554.49  4374.1227  4374.1239   4.0 1 1 
	       1597.01 4372.49193    4372.49   4.0 1 1 
	       1627.21  4371.3288   4371.329   4.0 1 1 
	       1642.11 4370.75327  4370.7532   4.0 1 1 
	       1664.78 4369.87545  4369.8756   4.0 1 1 
	       1717.34 4367.83151  4367.8316   4.0 1 1 
	       1765.98 4365.92881  4365.9301   4.0 1 1 
	       1820.28   4363.792  4363.7945   4.0 1 1 
	       1863.88 4362.06601  4362.0662   4.0 1 1 
	       1882.93 4361.30961  4361.3071   4.0 1 1 
	       1911.64 4360.16593  4360.1672   4.0 1 1 
	       1931.50  4359.3728  4359.3719   4.0 1 1 
	       1957.81 4358.31929    4358.32   4.0 1 1 
	       1975.37  4357.6143  4357.6132   4.0 1 1 
	function chebyshev
	order 5
	sample *
	naverage 1
	niterate 2000
	low_reject 3.
	high_reject 3.
	grow 0.
	coefficients	9
		1.
		5.
		61.18001556396484
		1975.369506835937
		4392.881903741354
		-34.19419350680131
		-1.076344349852458
		7.863878929474557E-4
		0.002149487610797859

# Tue 15:08:25 29-Mar-2022
begin	identify iazcomp.0009 - Ap 9
	id	iazcomp.0009
	task	identify
	image	iazcomp.0009 - Ap 9
	aperture	9
	aplow	1050.42
	aphigh	1058.43
	units	Angstroms
	features	41
	         61.90 4425.99973  4426.0011   4.0 1 1 
	        134.48 4423.71924  4423.7202   4.0 1 1 
	        187.19 4422.04769  4422.0479   4.0 1 1 
	        202.90 4421.54713  4421.5439   4.0 1 1 
	        348.75 4416.84559  4416.8447   4.0 1 1 
	        367.38 4416.23786   4416.237   4.0 1 1 
	        420.80  4414.4867  4414.4863   4.0 1 1 
	        558.94 4409.89597  4409.8991   4.0 1 1 
	        589.08 4408.88236  4408.8828   4.0 1 1 
	        763.69 4402.92629  4402.9271   4.0 1 1 
	        783.37 4402.24603  4402.2452   4.0 1 1 
	        802.53 4401.58178  4401.5812   4.0 1 1 
	        819.65 4400.98693  4400.9863   4.0 1 1 
	        845.24 4400.09521  4400.0968   4.0 1 1 
	        864.97 4399.40549   4399.406   4.0 1 1 
	        948.17 4396.47683  4396.4783   4.0 1 1 
	       1024.52 4393.76011   4393.759   4.0 1 1 
	       1046.37 4392.97754   4392.974   4.0 1 1 
	       1090.64  4391.3854  4391.3893   4.0 1 1 
	       1098.22 4391.11164  4391.1105   4.0 1 1 
	       1264.04  4385.0587  4385.0566   4.0 1 1 
	       1350.23 4381.86117  4381.8601   4.0 1 1 
	       1362.60 4381.39939  4381.4018   4.0 1 1 
	       1392.32  4380.2869  4380.2863   4.0 1 1 
	       1408.80 4379.66828  4379.6668   4.0 1 1 
	       1448.38 4378.17729  4378.1768   4.0 1 1 
	       1507.03 4375.95459  4375.9542   4.0 1 1 
	       1555.06 4374.12212  4374.1239   4.0 1 1 
	       1597.59 4372.49082    4372.49   4.0 1 1 
	       1627.76 4371.32872   4371.329   4.0 1 1 
	       1642.66 4370.75323  4370.7532   4.0 1 1 
	       1665.35 4369.87463  4369.8756   4.0 1 1 
	       1717.90 4367.83098  4367.8316   4.0 1 1 
	       1766.51 4365.92956  4365.9301   4.0 1 1 
	       1820.79 4363.79341  4363.7945   4.0 1 1 
	       1864.42 4362.06662  4362.0662   4.0 1 1 
	       1883.50   4361.309  4361.3071   4.0 1 1 
	       1912.22 4360.16539  4360.1672   4.0 1 1 
	       1932.07 4359.37254  4359.3719   4.0 1 1 
	       1958.34 4358.32108    4358.32   4.0 1 1 
	       1975.98 4357.61287  4357.6132   4.0 1 1 
	function chebyshev
	order 5
	sample *
	naverage 1
	niterate 2000
	low_reject 3.
	high_reject 3.
	grow 0.
	coefficients	9
		1.
		5.
		61.90266418457031
		1975.98486328125
		4392.880293998454
		-34.19506460414264
		-1.076639183265857
		0.001632123505820118
		0.002642783010020811

# Mon 11:32:32 30-Jan-2023
begin	identify iazcomp.0009 - Ap 9
	id	iazcomp.0009
	task	identify
	image	iazcomp.0009 - Ap 9
	aperture	9
	aplow	1050.42
	aphigh	1058.43
	units	Angstroms
	features	35
	         66.06 4425.99971  4426.0011   4.0 1 1 
	        191.31  4422.0499  4422.0479   4.0 1 1 
	        207.20  4421.5437  4421.5439   4.0 1 1 
	        352.98 4416.84509  4416.8447   4.0 1 1 
	        371.63 4416.23684   4416.237   4.0 1 1 
	        424.99 4414.48794  4414.4863   4.0 1 1 
	        563.14 4409.89741  4409.8991   4.0 1 1 
	        593.33 4408.88226  4408.8828   4.0 1 1 
	        767.98 4402.92587  4402.9271   4.0 1 1 
	        787.64 4402.24657  4402.2452   4.0 1 1 
	        806.84 4401.58109  4401.5812   4.0 1 1 
	        823.97 4400.98607  4400.9863   4.0 1 1 
	        849.56 4400.09438  4400.0968   4.0 1 1 
	        869.25 4399.40611   4399.406   4.0 1 1 
	        952.45 4396.47797  4396.4783   4.0 1 1 
	       1028.88 4393.75935   4393.759   4.0 1 1 
	       1050.75 4392.97635   4392.974   4.0 1 1 
	       1102.61 4391.11048  4391.1105   4.0 1 1 
	       1268.46 4385.05808  4385.0566   4.0 1 1 
	       1354.67 4381.86079  4381.8601   4.0 1 1 
	       1367.04 4381.39948  4381.4018   4.0 1 1 
	       1396.79 4380.28616  4380.2863   4.0 1 1 
	       1413.26 4379.66813  4379.6668   4.0 1 1 
	       1452.85 4378.17718  4378.1768   4.0 1 1 
	       1511.50 4375.95484  4375.9542   4.0 1 1 
	       1559.55 4374.12244  4374.1239   4.0 1 1 
	       1602.09 4372.49094    4372.49   4.0 1 1 
	       1632.27 4371.32865   4371.329   4.0 1 1 
	       1647.17  4370.7532  4370.7532   4.0 1 1 
	       1669.86 4369.87464  4369.8756   4.0 1 1 
	       1722.42 4367.83123  4367.8316   4.0 1 1 
	       1771.05 4365.92879  4365.9301   4.0 1 1 
	       1868.97 4362.06562  4362.0662   4.0 1 1 
	       1887.99 4361.30999  4361.3071   4.0 1 1 
	       1936.62 4359.37116  4359.3719   4.0 1 1 
	function chebyshev
	order 5
	sample *
	naverage 1
	niterate 2000
	low_reject 3.
	high_reject 3.
	grow 0.
	coefficients	9
		1.
		5.
		66.06037902832031
		1936.617797851563
		4393.712065669755
		-33.31467785573715
		-1.028409753085973
		3.997841694316078E-4
		0.001780609017629274

# Mon 13:56:43 06-Feb-2023
begin	identify iazcomp.0009 - Ap 9
	id	iazcomp.0009
	task	identify
	image	iazcomp.0009 - Ap 9
	aperture	9
	aplow	1050.42
	aphigh	1058.43
	units	Angstroms
	features	35
	         65.22 4425.99863  4426.0011   4.0 1 1 
	        190.44 4422.04871  4422.0479   4.0 1 1 
	        206.19 4421.54694  4421.5439   4.0 1 1 
	        352.05 4416.84476  4416.8447   4.0 1 1 
	        370.65   4416.238   4416.237   4.0 1 1 
	        424.05  4414.4872  4414.4863   4.0 1 1 
	        562.20 4409.89593  4409.8991   4.0 1 1 
	        592.35 4408.88203  4408.8828   4.0 1 1 
	        766.96 4402.92546  4402.9271   4.0 1 1 
	        786.59 4402.24666  4402.2452   4.0 1 1 
	        805.80 4401.58094  4401.5812   4.0 1 1 
	        822.92 4400.98586  4400.9863   4.0 1 1 
	        848.51 4400.09403  4400.0968   4.0 1 1 
	        868.16 4399.40709   4399.406   4.0 1 1 
	        951.36 4396.47823  4396.4783   4.0 1 1 
	       1027.77 4393.75929   4393.759   4.0 1 1 
	       1049.62 4392.97682   4392.974   4.0 1 1 
	       1101.47 4391.11087  4391.1105   4.0 1 1 
	       1267.27 4385.05794  4385.0566   4.0 1 1 
	       1353.44 4381.86114  4381.8601   4.0 1 1 
	       1365.81 4381.39919  4381.4018   4.0 1 1 
	       1395.54 4380.28652  4380.2863   4.0 1 1 
	       1412.02 4379.66772  4379.6668   4.0 1 1 
	       1451.58  4378.1776  4378.1768   4.0 1 1 
	       1510.24 4375.95416  4375.9542   4.0 1 1 
	       1558.26 4374.12204  4374.1239   4.0 1 1 
	       1600.74 4372.49242    4372.49   4.0 1 1 
	       1630.96 4371.32833   4371.329   4.0 1 1 
	       1645.86 4370.75271  4370.7532   4.0 1 1 
	       1668.53 4369.87471  4369.8756   4.0 1 1 
	       1721.09 4367.83074  4367.8316   4.0 1 1 
	       1769.70 4365.92863  4365.9301   4.0 1 1 
	       1867.60 4362.06568  4362.0662   4.0 1 1 
	       1886.62  4361.3099  4361.3071   4.0 1 1 
	       1935.23 4359.37153  4359.3719   4.0 1 1 
	function chebyshev
	order 5
	sample *
	naverage 1
	niterate 2000
	low_reject 3.
	high_reject 3.
	grow 0.
	coefficients	9
		1.
		5.
		65.21561431884765
		1935.233764648438
		4393.71172504753
		-33.31443311865888
		-1.02881437698273
		8.788573252025280E-4
		0.002168651645953383

