# Tue 22:44:57 07-Sep-2021
begin	identify iazcomp.0034 - Ap 34
	id	iazcomp.0034
	task	identify
	image	iazcomp.0034 - Ap 34
	aperture	34
	aplow	1439.7
	aphigh	1448.6
	units	Angstroms
	features	35
	         91.82 6400.69319  6400.6961   4.0 1 1 
	        124.55 6399.20562  6399.2065   4.0 1 1 
	        320.88 6390.12856  6390.1289   4.0 1 1 
	        336.55 6389.39254    6389.39   4.0 1 1 
	        348.87 6388.81309  6388.8134   4.0 1 1 
	        378.84 6387.39867  6387.3957   4.0 1 1 
	        435.26 6384.71908  6384.7169   4.0 1 1 
	        540.20 6379.67694  6379.6733   4.0 1 1 
	        596.75 6376.92892  6376.9305   4.0 1 1 
	        698.19 6371.94411  6371.9436   4.0 1 1 
	        745.93  6369.5738  6369.5748   4.0 1 1 
	        839.34 6364.89093  6364.8937   4.0 1 1 
	        891.49 6362.25108  6362.2518   4.0 1 1 
	        942.00 6359.67598  6359.6744   4.0 1 1 
	        952.65 6359.13064  6359.1345   4.0 1 1 
	        962.61 6358.62038  6358.6211   4.0 1 1 
	        980.95 6357.67829  6357.6779   4.0 1 1 
	        993.66 6357.02437  6357.0229   4.0 1 1 
	       1015.27 6355.90983  6355.9108   4.0 1 1 
	       1152.93 6348.73432  6348.7375   4.0 1 1 
	       1162.51 6348.23031  6348.2321   4.0 1 1 
	       1202.47 6346.12076  6346.1209   4.0 1 1 
	       1263.86 6342.85873  6342.8595   4.0 1 1 
	       1323.43 6339.66822  6339.6684   4.0 1 1 
	       1361.39 6337.62256  6337.6201   4.0 1 1 
	       1475.48 6331.41562  6331.4137   4.0 1 1 
	       1550.61 6327.27966  6327.2778   4.0 1 1 
	       1567.06 6326.36878  6326.3669   4.0 1 1 
	       1731.11 6317.18556  6317.1824   4.0 1 1 
	       1756.03 6315.77474   6315.775   4.0 1 1 
	       1843.17 6310.80726  6310.8101   4.0 1 1 
	       1871.90 6309.15824    6309.16   4.0 1 1 
	       1897.93 6307.65899   6307.657   4.0 1 1 
	       1974.04 6303.24963  6303.2507   4.0 1 1 
	       2014.05 6300.91601  6300.9165   4.0 1 1 
	function chebyshev
	order 4
	sample *
	naverage 1
	niterate 2000
	low_reject 3.
	high_reject 3.
	grow 0.
	coefficients	8
		1.
		4.
		91.81657409667968
		2014.046630859375
		6352.382090459535
		-49.88916875607348
		-1.57748933264689
		5.760204526797864E-4

# Fri 11:02:06 11-Mar-2022
begin	identify iazcomp.0034 - Ap 34
	id	iazcomp.0034
	task	identify
	image	iazcomp.0034 - Ap 34
	aperture	34
	aplow	1439.7
	aphigh	1448.6
	units	Angstroms
	features	42
	         75.82 6400.69379  6400.6961   4.0 1 1 
	        108.59 6399.20494  6399.2065   4.0 1 1 
	        206.13 6394.72954  6394.7289   4.0 1 1 
	        304.98   6390.128  6390.1289   4.0 1 1 
	        320.64 6389.39256    6389.39   4.0 1 1 
	        332.98 6388.81208  6388.8134   4.0 1 1 
	        362.92 6387.39942  6387.3957   4.0 1 1 
	        419.37 6384.71948  6384.7169   4.0 1 1 
	        489.45 6381.36161  6381.3598   4.0 1 1 
	        524.34 6379.67779  6379.6733   4.0 1 1 
	        543.37 6378.75588  6378.7604   4.0 1 1 
	        580.92 6376.92922  6376.9305   4.0 1 1 
	        682.41 6371.94385  6371.9436   4.0 1 1 
	        730.17 6369.57389  6369.5748   4.0 1 1 
	        823.60 6364.89171  6364.8937   4.0 1 1 
	        875.78 6362.25125  6362.2518   4.0 1 1 
	        926.29 6359.67738  6359.6744   4.0 1 1 
	        936.96 6359.13156  6359.1345   4.0 1 1 
	        946.93 6358.62082  6358.6211   4.0 1 1 
	        965.31 6357.67751  6357.6779   4.0 1 1 
	        978.00 6357.02458  6357.0229   4.0 1 1 
	        999.62 6355.91001  6355.9108   4.0 1 1 
	       1005.02 6355.63084    6355.63   4.0 1 1 
	       1137.38 6348.73313  6348.7375   4.0 1 1 
	       1146.93 6348.23083  6348.2321   4.0 1 1 
	       1186.93 6346.12021  6346.1209   4.0 1 1 
	       1248.35 6342.85788  6342.8595   4.0 1 1 
	       1307.95 6339.66753  6339.6684   4.0 1 1 
	       1345.95 6337.62103  6337.6201   4.0 1 1 
	       1386.81 6335.40948   6335.406   4.0 1 1 
	       1460.12 6331.41335  6331.4137   4.0 1 1 
	       1535.28  6327.2779  6327.2778   4.0 1 1 
	       1551.72 6326.36801  6326.3669   4.0 1 1 
	       1715.83  6317.1871  6317.1824   4.0 1 1 
	       1740.81 6315.77388   6315.775   4.0 1 1 
	       1796.14 6312.62742  6312.6222   4.0 1 1 
	       1828.01 6310.80608  6310.8101   4.0 1 1 
	       1856.72 6309.15922    6309.16   4.0 1 1 
	       1882.78 6307.65916   6307.657   4.0 1 1 
	       1941.90 6304.23959  6304.2423   4.0 1 1 
	       1958.95 6303.24943  6303.2507   4.0 1 1 
	       1998.98 6300.91607  6300.9165   4.0 1 1 
	function chebyshev
	order 4
	sample *
	naverage 1
	niterate 2000
	low_reject 3.
	high_reject 3.
	grow 0.
	coefficients	8
		1.
		4.
		75.82261657714843
		1998.976806640625
		6352.379757734231
		-49.88958126144397
		-1.574830271218893
		7.227135506678027E-4

# Tue 15:32:26 29-Mar-2022
begin	identify iazcomp.0034 - Ap 34
	id	iazcomp.0034
	task	identify
	image	iazcomp.0034 - Ap 34
	aperture	34
	aplow	1439.7
	aphigh	1448.6
	units	Angstroms
	features	42
	         76.54 6400.69236  6400.6961   4.0 1 1 
	        109.23 6399.20691  6399.2065   4.0 1 1 
	        206.82 6394.72912  6394.7289   4.0 1 1 
	        305.65 6390.12777  6390.1289   4.0 1 1 
	        321.34  6389.3911    6389.39   4.0 1 1 
	        333.65 6388.81194  6388.8134   4.0 1 1 
	        363.60 6387.39895  6387.3957   4.0 1 1 
	        420.02 6384.71969  6384.7169   4.0 1 1 
	        490.09 6381.36235  6381.3598   4.0 1 1 
	        524.99 6379.67787  6379.6733   4.0 1 1 
	        543.93 6378.75993  6378.7604   4.0 1 1 
	        581.57 6376.92888  6376.9305   4.0 1 1 
	        683.06 6371.94362  6371.9436   4.0 1 1 
	        730.80   6369.574  6369.5748   4.0 1 1 
	        824.22 6364.89235  6364.8937   4.0 1 1 
	        876.42  6362.2503  6362.2518   4.0 1 1 
	        926.95 6359.67568  6359.6744   4.0 1 1 
	        937.62 6359.12924  6359.1345   4.0 1 1 
	        947.57 6358.61955  6358.6211   4.0 1 1 
	        965.90 6357.67886  6357.6779   4.0 1 1 
	        978.62 6357.02446  6357.0229   4.0 1 1 
	       1000.24 6355.90943  6355.9108   4.0 1 1 
	       1005.65 6355.63005    6355.63   4.0 1 1 
	       1137.98  6348.7333  6348.7375   4.0 1 1 
	       1147.52  6348.2315  6348.2321   4.0 1 1 
	       1187.51   6346.121  6346.1209   4.0 1 1 
	       1248.94  6342.8582  6342.8595   4.0 1 1 
	       1308.54 6339.66784  6339.6684   4.0 1 1 
	       1346.52  6337.6221  6337.6201   4.0 1 1 
	       1387.39  6335.4098   6335.406   4.0 1 1 
	       1460.68   6331.414  6331.4137   4.0 1 1 
	       1535.84 6327.27847  6327.2778   4.0 1 1 
	       1552.29 6326.36804  6326.3669   4.0 1 1 
	       1716.41  6317.1855  6317.1824   4.0 1 1 
	       1741.36 6315.77354   6315.775   4.0 1 1 
	       1796.68 6312.62794  6312.6222   4.0 1 1 
	       1828.52  6310.8075  6310.8101   4.0 1 1 
	       1857.29 6309.15755    6309.16   4.0 1 1 
	       1883.34 6307.65798   6307.657   4.0 1 1 
	       1942.43 6304.23979  6304.2423   4.0 1 1 
	       1959.47 6303.24976  6303.2507   4.0 1 1 
	       1999.49 6300.91677  6300.9165   4.0 1 1 
	function chebyshev
	order 4
	sample *
	naverage 1
	niterate 2000
	low_reject 3.
	high_reject 3.
	grow 0.
	coefficients	8
		1.
		4.
		76.54005432128906
		1999.4921875
		6352.379424938175
		-49.88851454696627
		-1.574858909250526
		7.201951694609822E-4

# Mon 11:40:15 30-Jan-2023
begin	identify iazcomp.0034 - Ap 34
	id	iazcomp.0034
	task	identify
	image	iazcomp.0034 - Ap 34
	aperture	34
	aplow	1439.7
	aphigh	1448.6
	units	Angstroms
	features	39
	         80.81 6400.69453  6400.6961   4.0 1 1 
	        113.59  6399.2051  6399.2065   4.0 1 1 
	        309.93  6390.1292  6390.1289   4.0 1 1 
	        325.68 6389.39019    6389.39   4.0 1 1 
	        337.95 6388.81266  6388.8134   4.0 1 1 
	        367.93 6387.39839  6387.3957   4.0 1 1 
	        424.36 6384.71909  6384.7169   4.0 1 1 
	        494.45 6381.36147  6381.3598   4.0 1 1 
	        529.35 6379.67665  6379.6733   4.0 1 1 
	        585.92 6376.92892  6376.9305   4.0 1 1 
	        687.42 6371.94396  6371.9436   4.0 1 1 
	        735.19 6369.57353  6369.5748   4.0 1 1 
	        828.65 6364.89093  6364.8937   4.0 1 1 
	        880.84  6362.2501  6362.2518   4.0 1 1 
	        931.37 6359.67578  6359.6744   4.0 1 1 
	        942.01 6359.13156  6359.1345   4.0 1 1 
	        951.98 6358.62061  6358.6211   4.0 1 1 
	        970.33 6357.67913  6357.6779   4.0 1 1 
	        983.06 6357.02448  6357.0229   4.0 1 1 
	       1004.69  6355.9096  6355.9108   4.0 1 1 
	       1010.08 6355.63117    6355.63   4.0 1 1 
	       1142.45 6348.73381  6348.7375   4.0 1 1 
	       1152.01 6348.23109  6348.2321   4.0 1 1 
	       1192.02 6346.12036  6346.1209   4.0 1 1 
	       1253.44 6342.85864  6342.8595   4.0 1 1 
	       1313.07  6339.6675  6339.6684   4.0 1 1 
	       1351.07  6337.6213  6337.6201   4.0 1 1 
	       1391.96 6335.40834   6335.406   4.0 1 1 
	       1465.23 6331.41481  6331.4137   4.0 1 1 
	       1540.41 6327.27887  6327.2778   4.0 1 1 
	       1556.87 6326.36833  6326.3669   4.0 1 1 
	       1721.03 6317.18542  6317.1824   4.0 1 1 
	       1745.96 6315.77466   6315.775   4.0 1 1 
	       1833.14 6310.80832  6310.8101   4.0 1 1 
	       1861.89 6309.15903    6309.16   4.0 1 1 
	       1887.95 6307.65895   6307.657   4.0 1 1 
	       1947.05 6304.24072  6304.2423   4.0 1 1 
	       1964.11 6303.24946  6303.2507   4.0 1 1 
	       2004.13 6300.91685  6300.9165   4.0 1 1 
	function chebyshev
	order 4
	sample *
	naverage 1
	niterate 2000
	low_reject 3.
	high_reject 3.
	grow 0.
	coefficients	8
		1.
		4.
		80.81381225585937
		2004.128540039063
		6352.380059189833
		-49.88831075621982
		-1.574368383747226
		-5.308595243662873E-4

# Mon 13:57:29 06-Feb-2023
begin	identify iazcomp.0034 - Ap 34
	id	iazcomp.0034
	task	identify
	image	iazcomp.0034 - Ap 34
	aperture	34
	aplow	1439.7
	aphigh	1448.6
	units	Angstroms
	features	39
	         79.87 6400.69341  6400.6961   4.0 1 1 
	        112.60 6399.20602  6399.2065   4.0 1 1 
	        308.99 6390.12791  6390.1289   4.0 1 1 
	        324.67 6389.39164    6389.39   4.0 1 1 
	        336.98 6388.81235  6388.8134   4.0 1 1 
	        366.95 6387.39817  6387.3957   4.0 1 1 
	        423.37 6384.71928  6384.7169   4.0 1 1 
	        493.44 6381.36163  6381.3598   4.0 1 1 
	        528.33 6379.67737  6379.6733   4.0 1 1 
	        584.89 6376.92933  6376.9305   4.0 1 1 
	        686.37 6371.94394  6371.9436   4.0 1 1 
	        734.12  6369.5741  6369.5748   4.0 1 1 
	        827.57 6364.89087  6364.8937   4.0 1 1 
	        879.73 6362.25084  6362.2518   4.0 1 1 
	        930.29 6359.67415  6359.6744   4.0 1 1 
	        940.89 6359.13138  6359.1345   4.0 1 1 
	        950.87 6358.62005  6358.6211   4.0 1 1 
	        969.18 6357.68017  6357.6779   4.0 1 1 
	        981.93 6357.02423  6357.0229   4.0 1 1 
	       1003.56 6355.90921  6355.9108   4.0 1 1 
	       1008.95 6355.63038    6355.63   4.0 1 1 
	       1141.26 6348.73413  6348.7375   4.0 1 1 
	       1150.85 6348.22972  6348.2321   4.0 1 1 
	       1190.81 6346.12071  6346.1209   4.0 1 1 
	       1252.22 6342.85864  6342.8595   4.0 1 1 
	       1311.83 6339.66763  6339.6684   4.0 1 1 
	       1349.81 6337.62206  6337.6201   4.0 1 1 
	       1390.71 6335.40803   6335.406   4.0 1 1 
	       1463.94 6331.41499  6331.4137   4.0 1 1 
	       1539.11 6327.27881  6327.2778   4.0 1 1 
	       1555.55 6326.36872  6326.3669   4.0 1 1 
	       1719.66 6317.18632  6317.1824   4.0 1 1 
	       1744.60 6315.77443   6315.775   4.0 1 1 
	       1831.76 6310.80839  6310.8101   4.0 1 1 
	       1860.50 6309.15922    6309.16   4.0 1 1 
	       1886.57 6307.65887   6307.657   4.0 1 1 
	       1945.65 6304.24072  6304.2423   4.0 1 1 
	       1962.72 6303.24916  6303.2507   4.0 1 1 
	       2002.73 6300.91651  6300.9165   4.0 1 1 
	function chebyshev
	order 4
	sample *
	naverage 1
	niterate 2000
	low_reject 3.
	high_reject 3.
	grow 0.
	coefficients	8
		1.
		4.
		79.86869812011718
		2002.725219726563
		6352.380303645761
		-49.88901253103039
		-1.575342579787014
		5.607074347368240E-4

