# Tue 22:43:07 07-Sep-2021
begin	identify iazcomp.0026 - Ap 26
	id	iazcomp.0026
	task	identify
	image	iazcomp.0026 - Ap 26
	aperture	26
	aplow	1334.69
	aphigh	1344.13
	units	Angstroms
	features	36
	        173.29 5597.47388  5597.4756   4.0 1 1 
	        233.05 5595.06449  5595.0635   4.0 1 1 
	        268.75 5593.61448  5593.6129   4.0 1 1 
	        428.66 5587.02804  5587.0263   4.0 1 1 
	        506.61 5583.76227  5583.7621   4.0 1 1 
	        527.89 5582.86402  5582.8665   4.0 1 1 
	        577.65 5580.75391  5580.7547   4.0 1 1 
	        593.57 5580.07561  5580.0771   4.0 1 1 
	        610.37 5579.35803  5579.3583   4.0 1 1 
	        649.42 5577.68392  5577.6845   4.0 1 1 
	        683.74 5576.20492  5576.2045   4.0 1 1 
	        749.47 5573.35254  5573.3535   4.0 1 1 
	        798.78 5571.19555  5571.1913   4.0 1 1 
	        956.41 5564.20279  5564.2011   4.0 1 1 
	       1052.00 5559.88918  5559.8912   4.0 1 1 
	       1078.09 5558.70235   5558.702   4.0 1 1 
	       1085.98 5558.34275  5558.3422   4.0 1 1 
	       1114.38 5557.04494  5557.0454   4.0 1 1 
	       1133.96 5556.14693  5556.1487   4.0 1 1 
	       1147.37 5555.53085  5555.5312   4.0 1 1 
	       1210.39 5552.62122  5552.6229   4.0 1 1 
	       1305.68 5548.17611  5548.1758   4.0 1 1 
	       1327.76 5547.13816  5547.1339   4.0 1 1 
	       1349.35  5546.1206  5546.1204   4.0 1 1 
	       1372.00 5545.05037  5545.0495   4.0 1 1 
	       1417.50 5542.89049    5542.89   4.0 1 1 
	       1437.59 5541.93344  5541.9357   4.0 1 1 
	       1454.10  5541.1445  5541.1466   4.0 1 1 
	       1479.85 5539.91123  5539.9106   4.0 1 1 
	       1493.37 5539.26214  5539.2618   4.0 1 1 
	       1528.80 5537.55594  5537.5563   4.0 1 1 
	       1561.56 5535.97161   5535.971   4.0 1 1 
	       1669.72  5530.6961  5530.6977   4.0 1 1 
	       1719.83 5528.22908  5528.2272   4.0 1 1 
	       1738.71 5527.29527  5527.2953   4.0 1 1 
	       1785.83 5524.95657   5524.957   4.0 1 1 
	function chebyshev
	order 5
	sample *
	naverage 1
	niterate 2000
	low_reject 3.
	high_reject 3.
	grow 0.
	coefficients	9
		1.
		5.
		173.2924652099609
		1785.829345703125
		5562.188300312713
		-36.25978860853422
		-0.9739622304781574
		0.001133843218343044
		8.887594939690767E-4

# Fri 10:57:51 11-Mar-2022
begin	identify iazcomp.0026 - Ap 26
	id	iazcomp.0026
	task	identify
	image	iazcomp.0026 - Ap 26
	aperture	26
	aplow	1334.69
	aphigh	1344.13
	units	Angstroms
	features	40
	         53.96 5601.60297  5601.6032   4.0 1 1 
	        157.57 5597.47427  5597.4756   4.0 1 1 
	        217.34 5595.06401  5595.0635   4.0 1 1 
	        253.06 5593.61397  5593.6129   4.0 1 1 
	        371.47 5588.75261  5588.7506   4.0 1 1 
	        413.02 5587.02694  5587.0263   4.0 1 1 
	        490.98 5583.76224  5583.7621   4.0 1 1 
	        562.07 5580.75315  5580.7547   4.0 1 1 
	        577.99 5580.07518  5580.0771   4.0 1 1 
	        594.80 5579.35804  5579.3583   4.0 1 1 
	        633.86 5577.68426  5577.6845   4.0 1 1 
	        668.22 5576.20441  5576.2045   4.0 1 1 
	        733.98 5573.35256  5573.3535   4.0 1 1 
	        941.03 5564.20339  5564.2011   4.0 1 1 
	       1036.66 5559.89035  5559.8912   4.0 1 1 
	       1062.76 5558.70359   5558.702   4.0 1 1 
	       1070.66 5558.34394  5558.3422   4.0 1 1 
	       1099.09 5557.04537  5557.0454   4.0 1 1 
	       1118.63 5556.14966  5556.1487   4.0 1 1 
	       1132.10 5555.53106  5555.5312   4.0 1 1 
	       1195.17 5552.62058  5552.6229   4.0 1 1 
	       1222.14 5551.36877  5551.3719   4.0 1 1 
	       1290.49 5548.17653  5548.1758   4.0 1 1 
	       1334.19 5546.12107  5546.1204   4.0 1 1 
	       1356.82 5545.05204  5545.0495   4.0 1 1 
	       1402.38 5542.89049    5542.89   4.0 1 1 
	       1422.46 5541.93382  5541.9357   4.0 1 1 
	       1429.84 5541.58182  5541.5815   4.0 1 1 
	       1439.00 5541.14441  5541.1466   4.0 1 1 
	       1464.76 5539.91139  5539.9106   4.0 1 1 
	       1478.29 5539.26214  5539.2618   4.0 1 1 
	       1513.74 5537.55566  5537.5563   4.0 1 1 
	       1546.53 5535.97097   5535.971   4.0 1 1 
	       1654.71 5530.69799  5530.6977   4.0 1 1 
	       1704.88  5528.2291  5528.2272   4.0 1 1 
	       1723.76 5527.29606  5527.2953   4.0 1 1 
	       1770.91 5524.95746   5524.957   4.0 1 1 
	       1835.17 5521.74986  5521.7532   4.0 1 1 
	       1890.10 5518.98892  5518.9893   4.0 1 1 
	       1971.34 5514.87433  5514.8731   4.0 1 1 
	function chebyshev
	order 5
	sample *
	naverage 1
	niterate 2000
	low_reject 3.
	high_reject 3.
	grow 0.
	coefficients	9
		1.
		5.
		53.95870971679687
		1971.337036132813
		5559.605491525493
		-43.366564517813
		-1.369898236835479
		0.002243607907819252
		0.003059082382661966

# Tue 15:32:13 29-Mar-2022
begin	identify iazcomp.0026 - Ap 26
	id	iazcomp.0026
	task	identify
	image	iazcomp.0026 - Ap 26
	aperture	26
	aplow	1334.69
	aphigh	1344.13
	units	Angstroms
	features	40
	         54.64 5601.60251  5601.6032   4.0 1 1 
	        158.23 5597.47493  5597.4756   4.0 1 1 
	        218.01 5595.06419  5595.0635   4.0 1 1 
	        253.74  5593.6136  5593.6129   4.0 1 1 
	        372.12 5588.75313  5588.7506   4.0 1 1 
	        413.69 5587.02691  5587.0263   4.0 1 1 
	        491.65 5583.76143  5583.7621   4.0 1 1 
	        562.71 5580.75358  5580.7547   4.0 1 1 
	        578.63 5580.07532  5580.0771   4.0 1 1 
	        595.45 5579.35754  5579.3583   4.0 1 1 
	        634.49 5577.68451  5577.6845   4.0 1 1 
	        668.84 5576.20478  5576.2045   4.0 1 1 
	        734.60 5573.35248  5573.3535   4.0 1 1 
	        941.63 5564.20329  5564.2011   4.0 1 1 
	       1037.27 5559.88965  5559.8912   4.0 1 1 
	       1063.36 5558.70323   5558.702   4.0 1 1 
	       1071.25 5558.34372  5558.3422   4.0 1 1 
	       1099.66 5557.04572  5557.0454   4.0 1 1 
	       1119.25 5556.14795  5556.1487   4.0 1 1 
	       1132.67 5555.53161  5555.5312   4.0 1 1 
	       1195.73 5552.62112  5552.6229   4.0 1 1 
	       1222.69 5551.36946  5551.3719   4.0 1 1 
	       1291.06 5548.17627  5548.1758   4.0 1 1 
	       1334.72 5546.12216  5546.1204   4.0 1 1 
	       1357.37 5545.05215  5545.0495   4.0 1 1 
	       1402.93 5542.89087    5542.89   4.0 1 1 
	       1423.01 5541.93413  5541.9357   4.0 1 1 
	       1430.38 5541.58261  5541.5815   4.0 1 1 
	       1439.55 5541.14445  5541.1466   4.0 1 1 
	       1465.31 5539.91106  5539.9106   4.0 1 1 
	       1478.83 5539.26228  5539.2618   4.0 1 1 
	       1514.29 5537.55565  5537.5563   4.0 1 1 
	       1547.07 5535.97087   5535.971   4.0 1 1 
	       1655.27 5530.69631  5530.6977   4.0 1 1 
	       1705.42 5528.22876  5528.2272   4.0 1 1 
	       1724.31 5527.29536  5527.2953   4.0 1 1 
	       1771.45 5524.95693   5524.957   4.0 1 1 
	       1835.66 5521.75133  5521.7532   4.0 1 1 
	       1890.60 5518.98966  5518.9893   4.0 1 1 
	       1971.85 5514.87387  5514.8731   4.0 1 1 
	function chebyshev
	order 5
	sample *
	naverage 1
	niterate 2000
	low_reject 3.
	high_reject 3.
	grow 0.
	coefficients	9
		1.
		5.
		54.64250564575194
		1971.849853515625
		5559.605292865688
		-43.36682342102599
		-1.369992123935732
		0.00250459657110014
		0.002891825348958188

# Mon 11:37:33 30-Jan-2023
begin	identify iazcomp.0026 - Ap 26
	id	iazcomp.0026
	task	identify
	image	iazcomp.0026 - Ap 26
	aperture	26
	aplow	1334.69
	aphigh	1344.13
	units	Angstroms
	features	43
	         58.94 5601.60242  5601.6032   4.0 1 1 
	        162.52 5597.47571  5597.4756   4.0 1 1 
	        222.32 5595.06465  5595.0635   4.0 1 1 
	        258.04 5593.61424  5593.6129   4.0 1 1 
	        418.02 5587.02724  5587.0263   4.0 1 1 
	        495.98 5583.76241  5583.7621   4.0 1 1 
	        517.33  5582.8617  5582.8665   4.0 1 1 
	        567.07 5580.75336  5580.7547   4.0 1 1 
	        582.98 5580.07582  5580.0771   4.0 1 1 
	        599.80 5579.35795  5579.3583   4.0 1 1 
	        638.86 5577.68473  5577.6845   4.0 1 1 
	        673.23 5576.20423  5576.2045   4.0 1 1 
	        738.99 5573.35269  5573.3535   4.0 1 1 
	        788.34 5571.19572  5571.1913   4.0 1 1 
	        794.39 5570.93031  5570.9268   4.0 1 1 
	        946.09 5564.20251  5564.2011   4.0 1 1 
	       1041.74 5559.88933  5559.8912   4.0 1 1 
	       1067.84 5558.70287   5558.702   4.0 1 1 
	       1075.73  5558.3434  5558.3422   4.0 1 1 
	       1104.16 5557.04499  5557.0454   4.0 1 1 
	       1123.75 5556.14776  5556.1487   4.0 1 1 
	       1137.19 5555.53041  5555.5312   4.0 1 1 
	       1200.25 5552.62101  5552.6229   4.0 1 1 
	       1227.26 5551.36762  5551.3719   4.0 1 1 
	       1295.61 5548.17571  5548.1758   4.0 1 1 
	       1317.74 5547.13675  5547.1339   4.0 1 1 
	       1339.31 5546.12084  5546.1204   4.0 1 1 
	       1361.95 5545.05166  5545.0495   4.0 1 1 
	       1407.52 5542.89022    5542.89   4.0 1 1 
	       1427.56 5541.93553  5541.9357   4.0 1 1 
	       1434.98 5541.58184  5541.5815   4.0 1 1 
	       1444.14  5541.1441  5541.1466   4.0 1 1 
	       1469.91 5539.91064  5539.9106   4.0 1 1 
	       1483.43  5539.2621  5539.2618   4.0 1 1 
	       1518.90 5537.55533  5537.5563   4.0 1 1 
	       1551.67 5535.97186   5535.971   4.0 1 1 
	       1659.88  5530.6972  5530.6977   4.0 1 1 
	       1710.03 5528.22952  5528.2272   4.0 1 1 
	       1728.93 5527.29585  5527.2953   4.0 1 1 
	       1776.07 5524.95753   5524.957   4.0 1 1 
	       1840.29 5521.75128  5521.7532   4.0 1 1 
	       1895.25 5518.98864  5518.9893   4.0 1 1 
	       1976.47 5514.87363  5514.8731   4.0 1 1 
	function chebyshev
	order 5
	sample *
	naverage 1
	niterate 2000
	low_reject 3.
	high_reject 3.
	grow 0.
	coefficients	9
		1.
		5.
		58.94171905517577
		1976.469848632813
		5559.605843638005
		-43.36558391140055
		-1.37009255669285
		0.001188693286840731
		0.002275860295965362

# Mon 13:57:17 06-Feb-2023
begin	identify iazcomp.0026 - Ap 26
	id	iazcomp.0026
	task	identify
	image	iazcomp.0026 - Ap 26
	aperture	26
	aplow	1334.69
	aphigh	1344.13
	units	Angstroms
	features	43
	         58.02 5601.60152  5601.6032   4.0 1 1 
	        161.54 5597.47686  5597.4756   4.0 1 1 
	        221.36 5595.06471  5595.0635   4.0 1 1 
	        257.08 5593.61432  5593.6129   4.0 1 1 
	        417.02  5587.0276  5587.0263   4.0 1 1 
	        494.96 5583.76286  5583.7621   4.0 1 1 
	        516.32 5582.86176  5582.8665   4.0 1 1 
	        566.04 5580.75373  5580.7547   4.0 1 1 
	        581.98 5580.07469  5580.0771   4.0 1 1 
	        598.77 5579.35787  5579.3583   4.0 1 1 
	        637.83 5577.68352  5577.6845   4.0 1 1 
	        672.17 5576.20416  5576.2045   4.0 1 1 
	        737.91 5573.35249  5573.3535   4.0 1 1 
	        787.24 5571.19576  5571.1913   4.0 1 1 
	        793.28 5570.93067  5570.9268   4.0 1 1 
	        944.93 5564.20272  5564.2011   4.0 1 1 
	       1040.54 5559.88969  5559.8912   4.0 1 1 
	       1066.63 5558.70319   5558.702   4.0 1 1 
	       1074.53 5558.34349  5558.3422   4.0 1 1 
	       1102.96 5557.04466  5557.0454   4.0 1 1 
	       1122.54   5556.147  5556.1487   4.0 1 1 
	       1135.96 5555.53077  5555.5312   4.0 1 1 
	       1198.99 5552.62166  5552.6229   4.0 1 1 
	       1226.01 5551.36719  5551.3719   4.0 1 1 
	       1294.33 5548.17566  5548.1758   4.0 1 1 
	       1316.43 5547.13733  5547.1339   4.0 1 1 
	       1338.01 5546.12097  5546.1204   4.0 1 1 
	       1360.64 5545.05189  5545.0495   4.0 1 1 
	       1406.20 5542.88998    5542.89   4.0 1 1 
	       1426.25 5541.93464  5541.9357   4.0 1 1 
	       1433.65 5541.58149  5541.5815   4.0 1 1 
	       1442.79 5541.14498  5541.1466   4.0 1 1 
	       1468.57 5539.91081  5539.9106   4.0 1 1 
	       1482.10 5539.26177  5539.2618   4.0 1 1 
	       1517.53 5537.55635  5537.5563   4.0 1 1 
	       1550.31 5535.97178   5535.971   4.0 1 1 
	       1658.52 5530.69614  5530.6977   4.0 1 1 
	       1708.64 5528.22975  5528.2272   4.0 1 1 
	       1727.55 5527.29509  5527.2953   4.0 1 1 
	       1774.67 5524.95754   5524.957   4.0 1 1 
	       1838.87  5521.7519  5521.7532   4.0 1 1 
	       1893.84 5518.98855  5518.9893   4.0 1 1 
	       1975.06 5514.87375  5514.8731   4.0 1 1 
	function chebyshev
	order 5
	sample *
	naverage 1
	niterate 2000
	low_reject 3.
	high_reject 3.
	grow 0.
	coefficients	9
		1.
		5.
		58.02402877807617
		1975.061157226563
		5559.605039262922
		-43.36648500868637
		-1.369885573313025
		0.002599896547084528
		0.002484601636603285

