# Tue 22:45:58 07-Sep-2021
begin	identify iazcomp.0037 - Ap 37
	id	iazcomp.0037
	task	identify
	image	iazcomp.0037 - Ap 37
	aperture	37
	aplow	1475.21
	aphigh	1483.76
	units	Angstroms
	features	34
	         15.17 6766.61139  6766.6117   4.0 1 1 
	        190.21 6758.20384  6758.2035   4.0 1 1 
	        212.65 6757.11013  6757.1092   4.0 1 1 
	        283.06 6753.65582  6753.6598   4.0 1 1 
	        299.66 6752.83626  6752.8335   4.0 1 1 
	        328.09 6751.42797  6751.4267   4.0 1 1 
	        498.12 6742.88478  6742.8845   4.0 1 1 
	        590.07 6738.17832    6738.18   4.0 1 1 
	        675.54 6733.74904  6733.7488   4.0 1 1 
	        696.61 6732.64894  6732.6491   4.0 1 1 
	        748.38 6729.93261  6729.9328   4.0 1 1 
	        782.80 6728.11628  6728.1183   4.0 1 1 
	        795.29 6727.45492  6727.4583   4.0 1 1 
	        816.93 6726.30651  6726.3091   4.0 1 1 
	        880.82 6722.89604  6722.8899   4.0 1 1 
	        949.33 6719.20632  6719.1995   4.0 1 1 
	       1045.53 6713.96807    6713.97   4.0 1 1 
	       1094.96 6711.25053  6711.2521   4.0 1 1 
	       1392.87 6694.49804  6694.4967   4.0 1 1 
	       1401.47 6694.00494  6694.0068   4.0 1 1 
	       1423.73 6692.72618  6692.7262   4.0 1 1 
	       1568.98 6684.29361  6684.2929   4.0 1 1 
	       1584.79 6683.36713  6683.3673   4.0 1 1 
	       1640.68 6680.07554  6680.0811   4.0 1 1 
	       1663.79 6678.70783  6678.7067   4.0 1 1 
	       1687.82 6677.28177  6677.2817   4.0 1 1 
	       1731.20 6674.69698  6674.6969   4.0 1 1 
	       1749.84 6673.58185  6673.5797   4.0 1 1 
	       1869.60 6666.35956  6666.3588   4.0 1 1 
	       1907.51 6664.05237   6664.051   4.0 1 1 
	       1936.69  6662.2689  6662.2686   4.0 1 1 
	       1962.65 6660.67774  6660.6761   4.0 1 1 
	       1995.18 6658.67654  6658.6774   4.0 1 1 
	       2023.36 6656.93655  6656.9386   4.0 1 1 
	function chebyshev
	order 5
	sample *
	naverage 1
	niterate 2000
	low_reject 3.
	high_reject 3.
	grow 0.
	coefficients	9
		1.
		5.
		15.16547203063965
		2023.3642578125
		6713.588046415879
		-54.83647730333421
		-1.815348518553532
		-9.402284764104756E-4
		0.001274507924539949

# Fri 11:03:53 11-Mar-2022
begin	identify iazcomp.0037 - Ap 37
	id	iazcomp.0037
	task	identify
	image	iazcomp.0037 - Ap 37
	aperture	37
	aplow	1475.21
	aphigh	1483.76
	units	Angstroms
	features	28
	        174.13 6758.20448  6758.2035   4.0 1 1 
	        196.63 6757.10809  6757.1092   4.0 1 1 
	        266.97 6753.65818  6753.6598   4.0 1 1 
	        283.63 6752.83577  6752.8335   4.0 1 1 
	        417.92 6746.13565  6746.1355   4.0 1 1 
	        482.21 6742.88244  6742.8845   4.0 1 1 
	        574.13  6738.1799    6738.18   4.0 1 1 
	        659.66  6733.7496  6733.7488   4.0 1 1 
	        680.71 6732.65142  6732.6491   4.0 1 1 
	        732.53 6729.93427  6729.9328   4.0 1 1 
	        766.98 6728.11656  6728.1183   4.0 1 1 
	        779.46 6727.45648  6727.4583   4.0 1 1 
	       1029.81 6713.97063    6713.97   4.0 1 1 
	       1079.27  6711.2526  6711.2521   4.0 1 1 
	       1385.95 6694.00581  6694.0068   4.0 1 1 
	       1408.24 6692.72562  6692.7262   4.0 1 1 
	       1553.55 6684.29381  6684.2929   4.0 1 1 
	       1569.37 6683.36667  6683.3673   4.0 1 1 
	       1648.42 6678.70675  6678.7067   4.0 1 1 
	       1672.45 6677.28134  6677.2817   4.0 1 1 
	       1715.86 6674.69627  6674.6969   4.0 1 1 
	       1734.50 6673.58232  6673.5797   4.0 1 1 
	       1854.36 6666.35859  6666.3588   4.0 1 1 
	       1892.30 6664.05066   6664.051   4.0 1 1 
	       1898.13 6663.69515  6663.6966   4.0 1 1 
	       1921.49 6662.26846  6662.2686   4.0 1 1 
	       1947.46 6660.67746  6660.6761   4.0 1 1 
	       1980.01 6658.67712  6658.6774   4.0 1 1 
	function chebyshev
	order 5
	sample *
	naverage 1
	niterate 2000
	low_reject 3.
	high_reject 3.
	grow 0.
	coefficients	9
		1.
		5.
		174.1323547363281
		1980.010620117187
		6709.905522303041
		-49.76394759708657
		-1.466509402467043
		2.666647617180821E-4
		0.001786728550231876

# Tue 15:32:31 29-Mar-2022
begin	identify iazcomp.0037 - Ap 37
	id	iazcomp.0037
	task	identify
	image	iazcomp.0037 - Ap 37
	aperture	37
	aplow	1475.21
	aphigh	1483.76
	units	Angstroms
	features	28
	        174.86 6758.20217  6758.2035   4.0 1 1 
	        197.26 6757.11075  6757.1092   4.0 1 1 
	        267.65 6753.65763  6753.6598   4.0 1 1 
	        284.30 6752.83572  6752.8335   4.0 1 1 
	        418.73   6746.128  6746.1355   4.0 1 0 
	        482.83 6742.88429  6742.8845   4.0 1 1 
	        574.78 6738.17996    6738.18   4.0 1 1 
	        660.31 6733.74943  6733.7488   4.0 1 1 
	        681.40 6732.64922  6732.6491   4.0 1 1 
	        733.18 6729.93384  6729.9328   4.0 1 1 
	        767.62 6728.11703  6728.1183   4.0 1 1 
	        780.09 6727.45695  6727.4583   4.0 1 1 
	       1030.43 6713.97061    6713.97   4.0 1 1 
	       1079.89 6711.25245  6711.2521   4.0 1 1 
	       1386.53 6694.00614  6694.0068   4.0 1 1 
	       1408.80 6692.72708  6692.7262   4.0 1 1 
	       1554.12 6684.29346  6684.2929   4.0 1 1 
	       1569.93 6683.36672  6683.3673   4.0 1 1 
	       1648.99 6678.70632  6678.7067   4.0 1 1 
	       1673.02  6677.2807  6677.2817   4.0 1 1 
	       1716.42 6674.69625  6674.6969   4.0 1 1 
	       1735.06 6673.58153  6673.5797   4.0 1 1 
	       1854.90  6666.3585  6666.3588   4.0 1 1 
	       1892.84 6664.05101   6664.051   4.0 1 1 
	       1898.63 6663.69771  6663.6966   4.0 1 1 
	       1922.05 6662.26718  6662.2686   4.0 1 1 
	       1948.02 6660.67635  6660.6761   4.0 1 1 
	       1980.54  6658.6776  6658.6774   4.0 1 1 
	function chebyshev
	order 5
	sample *
	naverage 1
	niterate 2000
	low_reject 3.
	high_reject 3.
	grow 0.
	coefficients	9
		1.
		5.
		174.8609771728515
		1980.53662109375
		6709.904637346923
		-49.76258598143867
		-1.466683969295613
		3.005159024561770E-4
		0.001929103567093665

# Mon 11:41:26 30-Jan-2023
begin	identify iazcomp.0037 - Ap 37
	id	iazcomp.0037
	task	identify
	image	iazcomp.0037 - Ap 37
	aperture	37
	aplow	1475.21
	aphigh	1483.76
	units	Angstroms
	features	37
	          4.05 6766.61076  6766.6117   4.0 1 1 
	        179.12 6758.20288  6758.2035   4.0 1 1 
	        201.58 6757.10878  6757.1092   4.0 1 1 
	        214.88 6756.45913  6756.4528   4.0 1 1 
	        271.98 6753.65606  6753.6598   4.0 1 1 
	        288.63 6752.83392  6752.8335   4.0 1 1 
	        317.05 6751.42689  6751.4267   4.0 1 1 
	        487.18 6742.88289  6742.8845   4.0 1 1 
	        579.14   6738.179    6738.18   4.0 1 1 
	        664.68  6733.7489  6733.7488   4.0 1 1 
	        685.75 6732.64944  6732.6491   4.0 1 1 
	        737.54 6729.93376  6729.9328   4.0 1 1 
	        772.00 6728.11636  6728.1183   4.0 1 1 
	        784.48 6727.45604  6727.4583   4.0 1 1 
	        806.11 6726.30871  6726.3091   4.0 1 1 
	        870.10 6722.89537  6722.8899   4.0 1 1 
	       1034.86 6713.97022    6713.97   4.0 1 1 
	       1084.34 6711.25161  6711.2521   4.0 1 1 
	       1326.15 6697.71174  6697.7123   4.0 1 1 
	       1382.44 6694.49891  6694.4967   4.0 1 1 
	       1391.05 6694.00547  6694.0068   4.0 1 1 
	       1413.33 6692.72667  6692.7262   4.0 1 1 
	       1558.68 6684.29369  6684.2929   4.0 1 1 
	       1574.49 6683.36685  6683.3673   4.0 1 1 
	       1630.43 6680.07457  6680.0811   4.0 1 1 
	       1653.56 6678.70687  6678.7067   4.0 1 1 
	       1677.57 6677.28251  6677.2817   4.0 1 1 
	       1721.00 6674.69619  6674.6969   4.0 1 1 
	       1739.66 6673.58097  6673.5797   4.0 1 1 
	       1818.81  6668.8226  6668.8163   4.0 1 1 
	       1859.50 6666.35859  6666.3588   4.0 1 1 
	       1897.44 6664.05094   6664.051   4.0 1 1 
	       1903.27 6663.69535  6663.6966   4.0 1 1 
	       1926.64 6662.26786  6662.2686   4.0 1 1 
	       1952.62 6660.67639  6660.6761   4.0 1 1 
	       1985.18 6658.67515  6658.6774   4.0 1 1 
	       2013.31 6656.93973  6656.9386   4.0 1 1 
	function chebyshev
	order 5
	sample *
	naverage 1
	niterate 2000
	low_reject 3.
	high_reject 3.
	grow 0.
	coefficients	9
		1.
		5.
		4.053684711456299
		2013.3095703125
		6713.586150642137
		-54.83357877803801
		-1.813044812505955
		-0.001939590126421046
		0.002137690252700282

# Mon 13:57:34 06-Feb-2023
begin	identify iazcomp.0037 - Ap 37
	id	iazcomp.0037
	task	identify
	image	iazcomp.0037 - Ap 37
	aperture	37
	aplow	1475.21
	aphigh	1483.76
	units	Angstroms
	features	37
	          3.09 6766.61239  6766.6117   4.0 1 1 
	        178.23 6758.20155  6758.2035   4.0 1 1 
	        200.64 6757.10976  6757.1092   4.0 1 1 
	        213.95 6756.45976  6756.4528   4.0 1 0 
	        271.04  6753.6565  6753.6598   4.0 1 1 
	        287.67 6752.83583  6752.8335   4.0 1 1 
	        316.09 6751.42826  6751.4267   4.0 1 1 
	        486.20  6742.8839  6742.8845   4.0 1 1 
	        578.12  6738.1806    6738.18   4.0 1 1 
	        663.65 6733.74966  6733.7488   4.0 1 1 
	        684.70 6732.65075  6732.6491   4.0 1 1 
	        736.50 6729.93398  6729.9328   4.0 1 1 
	        770.93 6728.11727  6728.1183   4.0 1 1 
	        783.41  6727.4568  6727.4583   4.0 1 1 
	        805.07 6726.30773  6726.3091   4.0 1 1 
	        869.00  6722.8963  6722.8899   4.0 1 0 
	       1033.72 6713.97019    6713.97   4.0 1 1 
	       1083.18 6711.25203  6711.2521   4.0 1 1 
	       1324.91  6697.7121  6697.7123   4.0 1 1 
	       1381.22 6694.49745  6694.4967   4.0 1 1 
	       1389.80 6694.00589  6694.0068   4.0 1 1 
	       1412.07  6692.7267  6692.7262   4.0 1 1 
	       1557.39 6684.29322  6684.2929   4.0 1 1 
	       1573.20 6683.36689  6683.3673   4.0 1 1 
	       1629.10 6680.07609  6680.0811   4.0 1 0 
	       1652.25 6678.70671  6678.7067   4.0 1 1 
	       1676.28 6677.28107  6677.2817   4.0 1 1 
	       1719.66 6674.69719  6674.6969   4.0 1 1 
	       1738.33 6673.58123  6673.5797   4.0 1 1 
	       1817.46 6668.82336  6668.8163   4.0 1 0 
	       1858.16 6666.35841  6666.3588   4.0 1 1 
	       1896.10 6664.05033   6664.051   4.0 1 1 
	       1901.91 6663.69607  6663.6966   4.0 1 1 
	       1925.29 6662.26801  6662.2686   4.0 1 1 
	       1951.26 6660.67677  6660.6761   4.0 1 1 
	       1983.77 6658.67776  6658.6774   4.0 1 1 
	       2011.97  6656.9387  6656.9386   4.0 1 1 
	function chebyshev
	order 5
	sample *
	naverage 1
	niterate 2000
	low_reject 3.
	high_reject 3.
	grow 0.
	coefficients	9
		1.
		5.
		3.086759567260742
		2011.965576171875
		6713.587260342326
		-54.83664606349863
		-1.813629108202043
		-1.972010035003335E-4
		0.001915750833917206

