# Tue 22:38:38 07-Sep-2021
begin	identify iazcomp.0012 - Ap 12
	id	iazcomp.0012
	task	identify
	image	iazcomp.0012 - Ap 12
	aperture	12
	aplow	1107.77
	aphigh	1116.43
	units	Angstroms
	features	45
	         78.81 4596.09462  4596.0967   4.0 1 1 
	         99.62 4595.41873  4595.4206   4.0 1 1 
	        154.11 4593.63883  4593.6437   4.0 1 1 
	        183.63 4592.66858   4592.666   4.0 1 1 
	        267.07 4589.90219  4589.8978   4.0 1 1 
	        286.02 4589.26884  4589.2668   4.0 1 1 
	        311.07 4588.42938  4588.4261   4.0 1 1 
	        562.55 4579.82792  4579.8272   4.0 1 1 
	        576.21 4579.35177  4579.3495   4.0 1 1 
	        727.20 4574.02671  4574.0279   4.0 1 1 
	        736.21 4573.70556  4573.7038   4.0 1 1 
	        805.68 4571.21447  4571.2195   4.0 1 1 
	        812.43 4570.97137  4570.9722   4.0 1 1 
	        880.04 4568.52218  4568.5235   4.0 1 1 
	        890.46 4568.14288  4568.1426   4.0 1 1 
	        915.21 4567.23925  4567.2403   4.0 1 1 
	        980.72 4564.83353  4564.8354   4.0 1 1 
	        992.34 4564.40437  4564.4054   4.0 1 1 
	       1055.01  4562.0796  4562.0803   4.0 1 1 
	       1074.63 4561.34807  4561.3477   4.0 1 1 
	       1128.96 4559.31178   4559.312   4.0 1 1 
	       1135.76 4559.05593  4559.0571   4.0 1 1 
	       1154.63 4558.34479  4558.3458   4.0 1 1 
	       1206.44   4556.383  4556.3872   4.0 1 1 
	       1221.45  4555.8122  4555.8127   4.0 1 1 
	       1316.81 4552.16027  4552.1536   4.0 1 1 
	       1334.47 4551.47902  4551.4736   4.0 1 1 
	       1430.21 4547.75967  4547.7589   4.0 1 1 
	       1443.37 4547.24493  4547.2498   4.0 1 1 
	       1457.80 4546.67962  4546.6757   4.0 1 1 
	       1477.26 4545.91574  4545.9156   4.0 1 1 
	       1499.18 4545.05266  4545.0519   4.0 1 1 
	       1512.73 4544.51812  4544.5142   4.0 1 1 
	       1529.16   4543.869  4543.8692   4.0 1 1 
	       1540.70 4543.41217  4543.4153   4.0 1 1 
	       1601.36 4540.99971   4540.999   4.0 1 1 
	       1685.03 4537.64345  4537.6426   4.0 1 1 
	       1726.19 4535.97986  4535.9798   4.0 1 1 
	       1744.07 4535.25481  4535.2546   4.0 1 1 
	       1772.00 4534.11894  4534.1198   4.0 1 1 
	       1792.07 4533.30015  4533.3042   4.0 1 1 
	       1797.55 4533.07655   4533.077   4.0 1 1 
	       1817.55 4532.25843  4532.2577   4.0 1 1 
	       1859.10 4530.55214  4530.5523   4.0 1 1 
	       1864.74 4530.31991  4530.3191   4.0 1 1 
	function chebyshev
	order 4
	sample *
	naverage 1
	niterate 2000
	low_reject 3.
	high_reject 3.
	grow 0.
	coefficients	8
		1.
		4.
		78.8072509765625
		1864.743530273437
		4564.185218606215
		-32.89008694314931
		-0.9779530431799833
		0.002727746090223087

# Fri 10:51:28 11-Mar-2022
begin	identify iazcomp.0012 - Ap 12
	id	iazcomp.0012
	task	identify
	image	iazcomp.0012 - Ap 12
	aperture	12
	aplow	1107.77
	aphigh	1116.43
	units	Angstroms
	features	40
	         63.65  4596.0922  4596.0967   4.0 1 1 
	         84.42 4595.41786  4595.4206   4.0 1 1 
	        168.48 4592.66683   4592.666   4.0 1 1 
	        251.90 4589.90199  4589.8978   4.0 1 1 
	        270.83 4589.26987  4589.2668   4.0 1 1 
	        295.92  4588.4292  4588.4261   4.0 1 1 
	        547.53 4579.82675  4579.8272   4.0 1 1 
	        561.17 4579.35162  4579.3495   4.0 1 1 
	        712.25 4574.02574  4574.0279   4.0 1 1 
	        721.17 4573.70791  4573.7038   4.0 1 1 
	        797.50 4570.97141  4570.9722   4.0 1 1 
	        865.14  4568.5222  4568.5235   4.0 1 1 
	        875.61 4568.14137  4568.1426   4.0 1 1 
	        900.37 4567.23806  4567.2403   4.0 1 1 
	        965.92 4564.83197  4564.8354   4.0 1 1 
	        977.51 4564.40438  4564.4054   4.0 1 1 
	       1029.58 4562.47503  4562.4756   4.0 1 1 
	       1040.17 4562.08107  4562.0803   4.0 1 1 
	       1059.87 4561.34691  4561.3477   4.0 1 1 
	       1114.29  4559.3085   4559.312   4.0 1 1 
	       1121.03 4559.05496  4559.0571   4.0 1 1 
	       1139.90 4558.34412  4558.3458   4.0 1 1 
	       1206.76 4555.81131  4555.8127   4.0 1 1 
	       1319.81 4551.47965  4551.4736   4.0 1 1 
	       1415.64 4547.75924  4547.7589   4.0 1 1 
	       1443.21 4546.68048  4546.6757   4.0 1 1 
	       1462.72 4545.91503  4545.9156   4.0 1 1 
	       1484.64 4545.05261  4545.0519   4.0 1 1 
	       1498.21  4544.5176  4544.5142   4.0 1 1 
	       1514.62 4543.86977  4543.8692   4.0 1 1 
	       1586.90 4540.99928   4540.999   4.0 1 1 
	       1670.59 4537.64401  4537.6426   4.0 1 1 
	       1711.75 4535.98146  4535.9798   4.0 1 1 
	       1729.68 4535.25478  4535.2546   4.0 1 1 
	       1757.62 4534.11928  4534.1198   4.0 1 1 
	       1777.71 4533.30031  4533.3042   4.0 1 1 
	       1783.20 4533.07604   4533.077   4.0 1 1 
	       1803.26  4532.2562  4532.2577   4.0 1 1 
	       1844.79 4530.55224  4530.5523   4.0 1 1 
	       1850.45 4530.31896  4530.3191   4.0 1 1 
	function chebyshev
	order 4
	sample *
	naverage 1
	niterate 2000
	low_reject 3.
	high_reject 3.
	grow 0.
	coefficients	8
		1.
		4.
		63.65321350097656
		1850.454956054687
		4564.182048229386
		-32.8891965596204
		-0.9764704912064703
		0.002575280796499826

# Tue 15:08:29 29-Mar-2022
begin	identify iazcomp.0012 - Ap 12
	id	iazcomp.0012
	task	identify
	image	iazcomp.0012 - Ap 12
	aperture	12
	aplow	1107.77
	aphigh	1116.43
	units	Angstroms
	features	40
	         64.31 4596.09267  4596.0967   4.0 1 1 
	         85.12 4595.41703  4595.4206   4.0 1 1 
	        169.14 4592.66722   4592.666   4.0 1 1 
	        252.60 4589.90112  4589.8978   4.0 1 1 
	        271.43 4589.27208  4589.2668   4.0 1 1 
	        296.61 4588.42832  4588.4261   4.0 1 1 
	        548.18 4579.82663  4579.8272   4.0 1 1 
	        561.82 4579.35139  4579.3495   4.0 1 1 
	        712.84  4574.0273  4574.0279   4.0 1 1 
	        721.88 4573.70517  4573.7038   4.0 1 1 
	        798.14 4570.97076  4570.9722   4.0 1 1 
	        865.74 4568.52306  4568.5235   4.0 1 1 
	        876.23  4568.1411  4568.1426   4.0 1 1 
	        900.98 4567.23811  4567.2403   4.0 1 1 
	        966.50 4564.83266  4564.8354   4.0 1 1 
	        978.12 4564.40399  4564.4054   4.0 1 1 
	       1030.17 4562.47538  4562.4756   4.0 1 1 
	       1040.84 4562.07833  4562.0803   4.0 1 1 
	       1060.45  4561.3474  4561.3477   4.0 1 1 
	       1114.77 4559.31231   4559.312   4.0 1 1 
	       1121.61 4559.05531  4559.0571   4.0 1 1 
	       1140.50  4558.3437  4558.3458   4.0 1 1 
	       1207.34 4555.81165  4555.8127   4.0 1 1 
	       1320.39 4551.47963  4551.4736   4.0 1 1 
	       1416.21 4547.75882  4547.7589   4.0 1 1 
	       1443.78 4546.68019  4546.6757   4.0 1 1 
	       1463.29 4545.91481  4545.9156   4.0 1 1 
	       1485.21 4545.05215  4545.0519   4.0 1 1 
	       1498.75 4544.51842  4544.5142   4.0 1 1 
	       1515.17 4543.86973  4543.8692   4.0 1 1 
	       1587.45 4540.99943   4540.999   4.0 1 1 
	       1671.16 4537.64317  4537.6426   4.0 1 1 
	       1712.36 4535.97929  4535.9798   4.0 1 1 
	       1730.24 4535.25446  4535.2546   4.0 1 1 
	       1758.16 4534.11939  4534.1198   4.0 1 1 
	       1778.27 4533.29978  4533.3042   4.0 1 1 
	       1783.74 4533.07661   4533.077   4.0 1 1 
	       1803.76 4532.25812  4532.2577   4.0 1 1 
	       1845.32 4530.55274  4530.5523   4.0 1 1 
	       1851.01 4530.31878  4530.3191   4.0 1 1 
	function chebyshev
	order 4
	sample *
	naverage 1
	niterate 2000
	low_reject 3.
	high_reject 3.
	grow 0.
	coefficients	8
		1.
		4.
		64.30670166015625
		1851.008544921875
		4564.182193338173
		-32.8898816192766
		-0.976470581293406
		0.002937426274976736

# Mon 11:33:31 30-Jan-2023
begin	identify iazcomp.0012 - Ap 12
	id	iazcomp.0012
	task	identify
	image	iazcomp.0012 - Ap 12
	aperture	12
	aplow	1107.77
	aphigh	1116.43
	units	Angstroms
	features	43
	         68.50 4596.09351  4596.0967   4.0 1 1 
	         89.33 4595.41738  4595.4206   4.0 1 1 
	        173.35 4592.66736   4592.666   4.0 1 1 
	        256.83 4589.90089  4589.8978   4.0 1 1 
	        275.70 4589.27062  4589.2668   4.0 1 1 
	        300.83 4588.42852  4588.4261   4.0 1 1 
	        552.51 4579.82496  4579.8272   4.0 1 1 
	        566.12 4579.35073  4579.3495   4.0 1 1 
	        717.18 4574.02714  4574.0279   4.0 1 1 
	        726.23 4573.70464  4573.7038   4.0 1 1 
	        802.48 4570.97152  4570.9722   4.0 1 1 
	        870.10 4568.52382  4568.5235   4.0 1 1 
	        880.57 4568.14255  4568.1426   4.0 1 1 
	        905.35 4567.23896  4567.2403   4.0 1 1 
	        970.87 4564.83429  4564.8354   4.0 1 1 
	        982.51  4564.4049  4564.4054   4.0 1 1 
	       1034.66 4562.47355  4562.4756   4.0 1 1 
	       1045.25 4562.07961  4562.0803   4.0 1 1 
	       1064.88  4561.3479  4561.3477   4.0 1 1 
	       1119.26 4559.31134   4559.312   4.0 1 1 
	       1126.02 4559.05708  4559.0571   4.0 1 1 
	       1144.95 4558.34423  4558.3458   4.0 1 1 
	       1196.78  4556.3834  4556.3872   4.0 1 1 
	       1211.81 4555.81225  4555.8127   4.0 1 1 
	       1324.92 4551.47893  4551.4736   4.0 1 1 
	       1420.71 4547.76037  4547.7589   4.0 1 1 
	       1433.88 4547.24561  4547.2498   4.0 1 1 
	       1448.34 4546.67957  4546.6757   4.0 1 1 
	       1467.80 4545.91598  4545.9156   4.0 1 1 
	       1489.73 4545.05362  4545.0519   4.0 1 1 
	       1503.31 4544.51814  4544.5142   4.0 1 1 
	       1519.72 4543.87015  4543.8692   4.0 1 1 
	       1531.27 4543.41321  4543.4153   4.0 1 1 
	       1592.01 4540.99943   4540.999   4.0 1 1 
	       1675.69 4537.64471  4537.6426   4.0 1 1 
	       1716.91 4535.97971  4535.9798   4.0 1 1 
	       1734.79 4535.25507  4535.2546   4.0 1 1 
	       1762.72 4534.11965  4534.1198   4.0 1 1 
	       1782.83 4533.30025  4533.3042   4.0 1 1 
	       1788.32 4533.07591   4533.077   4.0 1 1 
	       1808.34 4532.25758  4532.2577   4.0 1 1 
	       1849.90 4530.55217  4530.5523   4.0 1 1 
	       1855.56  4530.3193  4530.3191   4.0 1 1 
	function chebyshev
	order 4
	sample *
	naverage 1
	niterate 2000
	low_reject 3.
	high_reject 3.
	grow 0.
	coefficients	8
		1.
		4.
		68.50320434570311
		1855.555053710938
		4564.183243575533
		-32.88883526492987
		-0.9768380144339916
		0.001730443395449375

# Mon 13:56:47 06-Feb-2023
begin	identify iazcomp.0012 - Ap 12
	id	iazcomp.0012
	task	identify
	image	iazcomp.0012 - Ap 12
	aperture	12
	aplow	1107.77
	aphigh	1116.43
	units	Angstroms
	features	43
	         67.64 4596.09413  4596.0967   4.0 1 1 
	         88.46 4595.41813  4595.4206   4.0 1 1 
	        172.49  4592.6673   4592.666   4.0 1 1 
	        255.90 4589.90183  4589.8978   4.0 1 1 
	        274.94 4589.26584  4589.2668   4.0 1 1 
	        299.90 4588.42959  4588.4261   4.0 1 1 
	        551.49 4579.82594  4579.8272   4.0 1 1 
	        565.11 4579.35117  4579.3495   4.0 1 1 
	        716.09 4574.02849  4574.0279   4.0 1 1 
	        725.16 4573.70508  4573.7038   4.0 1 1 
	        801.41 4570.97096  4570.9722   4.0 1 1 
	        869.02  4568.5227  4568.5235   4.0 1 1 
	        879.50 4568.14136  4568.1426   4.0 1 1 
	        904.24 4567.23863  4567.2403   4.0 1 1 
	        969.76 4564.83351  4564.8354   4.0 1 1 
	        981.38 4564.40467  4564.4054   4.0 1 1 
	       1033.43 4562.47607  4562.4756   4.0 1 1 
	       1044.10 4562.07886  4562.0803   4.0 1 1 
	       1063.70 4561.34806  4561.3477   4.0 1 1 
	       1118.04 4559.31264   4559.312   4.0 1 1 
	       1124.82 4559.05744  4559.0571   4.0 1 1 
	       1143.74 4558.34494  4558.3458   4.0 1 1 
	       1195.57 4556.38302  4556.3872   4.0 1 1 
	       1210.59 4555.81215  4555.8127   4.0 1 1 
	       1323.66 4551.47923  4551.4736   4.0 1 1 
	       1419.43 4547.76031  4547.7589   4.0 1 1 
	       1432.62 4547.24491  4547.2498   4.0 1 1 
	       1447.03 4546.68041  4546.6757   4.0 1 1 
	       1466.50 4545.91621  4545.9156   4.0 1 1 
	       1488.43 4545.05348  4545.0519   4.0 1 1 
	       1502.05 4544.51658  4544.5142   4.0 1 1 
	       1518.41 4543.87034  4543.8692   4.0 1 1 
	       1530.03 4543.41023  4543.4153   4.0 1 1 
	       1590.66  4541.0003   4540.999   4.0 1 1 
	       1674.35 4537.64475  4537.6426   4.0 1 1 
	       1715.54 4535.98067  4535.9798   4.0 1 1 
	       1733.42 4535.25585  4535.2546   4.0 1 1 
	       1761.36 4534.11976  4534.1198   4.0 1 1 
	       1781.46 4533.30051  4533.3042   4.0 1 1 
	       1786.95 4533.07627   4533.077   4.0 1 1 
	       1806.98 4532.25728  4532.2577   4.0 1 1 
	       1848.51 4530.55275  4530.5523   4.0 1 1 
	       1854.21 4530.31818  4530.3191   4.0 1 1 
	function chebyshev
	order 4
	sample *
	naverage 1
	niterate 2000
	low_reject 3.
	high_reject 3.
	grow 0.
	coefficients	8
		1.
		4.
		67.64211273193359
		1854.208740234375
		4564.182538098886
		-32.8901488556698
		-0.9763852894443305
		0.002175018358925209

