# Tue 22:46:42 07-Sep-2021
begin	identify iazcomp.0040 - Ap 40
	id	iazcomp.0040
	task	identify
	image	iazcomp.0040 - Ap 40
	aperture	40
	aplow	1509.11
	aphigh	1516.9
	units	Angstroms
	features	32
	         87.73 7168.89517  7168.8952   4.0 1 1 
	        121.00 7167.20066  7167.2028   4.0 1 1 
	        211.29 7162.56058  7162.5569   4.0 1 1 
	        261.71 7159.94225   7159.947   4.0 1 1 
	        319.06 7156.94056  7156.9416   4.0 1 1 
	        382.54 7153.58899  7153.5877   4.0 1 1 
	        444.51 7150.28761  7150.2844   4.0 1 1 
	        476.72 7148.55989  7148.5589   4.0 1 1 
	        591.62 7142.33283   7142.331   4.0 1 1 
	        625.77 7140.46254  7140.4617   4.0 1 1 
	        767.46 7132.60836    7132.61   4.0 1 1 
	        789.69 7131.36204  7131.3586   4.0 1 1 
	        801.07  7130.7228  7130.7236   4.0 1 1 
	        887.76  7125.8195    7125.82   4.0 1 1 
	        909.87 7124.55976  7124.5607   4.0 1 1 
	       1085.91 7114.39687  7114.3984   4.0 1 1 
	       1111.18 7112.91841  7112.9189   4.0 1 1 
	       1163.23 7109.85836  7109.8602   4.0 1 1 
	       1174.76 7109.17751  7109.1819   4.0 1 1 
	       1203.47 7107.47808  7107.4778   4.0 1 1 
	       1320.05 7100.51321  7100.5144   4.0 1 1 
	       1503.54 7089.33993  7089.3395   4.0 1 1 
	       1546.17 7086.70737  7086.7044   4.0 1 1 
	       1587.04 7084.17016   7084.169   4.0 1 1 
	       1727.78 7075.33589  7075.3336   4.0 1 1 
	       1774.11 7072.39507  7072.3939   4.0 1 1 
	       1831.36 7068.73798  7068.7358   4.0 1 1 
	       1945.16 7061.39374  7061.3942   4.0 1 1 
	       1956.53 7060.65422  7060.6538   4.0 1 1 
	       1965.98 7060.03892  7060.0417   4.0 1 1 
	       1973.87 7059.52521  7059.5253   4.0 1 1 
	       1989.76 7058.48794  7058.4895   4.0 1 1 
	function chebyshev
	order 4
	sample *
	naverage 1
	niterate 2000
	low_reject 3.
	high_reject 3.
	grow 0.
	coefficients	8
		1.
		4.
		87.72521972656249
		1989.764770507813
		7115.417207377262
		-55.2027495109067
		-1.725653711245186
		-8.659097440611802E-4

# Fri 11:05:30 11-Mar-2022
begin	identify iazcomp.0040 - Ap 40
	id	iazcomp.0040
	task	identify
	image	iazcomp.0040 - Ap 40
	aperture	40
	aplow	1509.11
	aphigh	1516.9
	units	Angstroms
	features	33
	         71.55 7168.89623  7168.8952   4.0 1 1 
	        104.90 7167.19852  7167.2028   4.0 1 1 
	        195.17 7162.56058  7162.5569   4.0 1 1 
	        245.59 7159.94309   7159.947   4.0 1 1 
	        302.96 7156.94177  7156.9416   4.0 1 1 
	        428.45 7150.28864  7150.2844   4.0 1 1 
	        460.69 7148.55996  7148.5589   4.0 1 1 
	        575.62 7142.33369   7142.331   4.0 1 1 
	        609.82 7140.46135  7140.4617   4.0 1 1 
	        751.56 7132.60755    7132.61   4.0 1 1 
	        773.77 7131.36251  7131.3586   4.0 1 1 
	        785.17 7130.72226  7130.7236   4.0 1 1 
	        871.89 7125.81955    7125.82   4.0 1 1 
	        894.02 7124.55922  7124.5607   4.0 1 1 
	       1070.13 7114.39689  7114.3984   4.0 1 1 
	       1095.41 7112.91881  7112.9189   4.0 1 1 
	       1147.47  7109.8592  7109.8602   4.0 1 1 
	       1159.00 7109.17905  7109.1819   4.0 1 1 
	       1187.77 7107.47683  7107.4778   4.0 1 1 
	       1304.39 7100.51284  7100.5144   4.0 1 1 
	       1487.98 7089.33968  7089.3395   4.0 1 1 
	       1530.64 7086.70691  7086.7044   4.0 1 1 
	       1571.53 7084.16968   7084.169   4.0 1 1 
	       1712.36 7075.33535  7075.3336   4.0 1 1 
	       1729.36 7074.25871  7074.2563   4.0 1 1 
	       1758.70 7072.39491  7072.3939   4.0 1 1 
	       1816.01 7068.73643  7068.7358   4.0 1 1 
	       1882.61 7064.45314  7064.4515   4.0 1 1 
	       1929.85 7061.39467  7061.3942   4.0 1 1 
	       1941.27 7060.65269  7060.6538   4.0 1 1 
	       1950.69 7060.03931  7060.0417   4.0 1 1 
	       1958.59 7059.52551  7059.5253   4.0 1 1 
	       1974.51 7058.48699  7058.4895   4.0 1 1 
	function chebyshev
	order 4
	sample *
	naverage 1
	niterate 2000
	low_reject 3.
	high_reject 3.
	grow 0.
	coefficients	8
		1.
		4.
		71.55335235595703
		1974.511352539063
		7115.414688683978
		-55.20397413560705
		-1.723080116917484
		-6.490553878462421E-4

# Tue 15:32:34 29-Mar-2022
begin	identify iazcomp.0040 - Ap 40
	id	iazcomp.0040
	task	identify
	image	iazcomp.0040 - Ap 40
	aperture	40
	aplow	1509.11
	aphigh	1516.9
	units	Angstroms
	features	33
	         72.23 7168.89489  7168.8952   4.0 1 1 
	        105.54 7167.19948  7167.2028   4.0 1 1 
	        195.83 7162.56094  7162.5569   4.0 1 1 
	        246.24 7159.94403   7159.947   4.0 1 1 
	        303.63 7156.94105  7156.9416   4.0 1 1 
	        429.11 7150.28851  7150.2844   4.0 1 1 
	        461.34 7148.56058  7148.5589   4.0 1 1 
	        576.28 7142.33312   7142.331   4.0 1 1 
	        610.47 7140.46164  7140.4617   4.0 1 1 
	        752.20 7132.60714    7132.61   4.0 1 1 
	        774.43  7131.3617  7131.3586   4.0 1 1 
	        785.82 7130.72199  7130.7236   4.0 1 1 
	        872.52 7125.81981    7125.82   4.0 1 1 
	        894.65 7124.55953  7124.5607   4.0 1 1 
	       1070.76 7114.39597  7114.3984   4.0 1 1 
	       1095.99 7112.92064  7112.9189   4.0 1 1 
	       1148.09 7109.85853  7109.8602   4.0 1 1 
	       1159.59 7109.17998  7109.1819   4.0 1 1 
	       1188.37 7107.47727  7107.4778   4.0 1 1 
	       1304.99  7100.5123  7100.5144   4.0 1 1 
	       1488.57 7089.33897  7089.3395   4.0 1 1 
	       1531.22 7086.70632  7086.7044   4.0 1 1 
	       1572.11 7084.16915   7084.169   4.0 1 1 
	       1712.93 7075.33472  7075.3336   4.0 1 1 
	       1729.88 7074.26118  7074.2563   4.0 1 1 
	       1759.27 7072.39424  7072.3939   4.0 1 1 
	       1816.55 7068.73742  7068.7358   4.0 1 1 
	       1883.17 7064.45267  7064.4515   4.0 1 1 
	       1930.40 7061.39419  7061.3942   4.0 1 1 
	       1941.80 7060.65363  7060.6538   4.0 1 1 
	       1951.25 7060.03885  7060.0417   4.0 1 1 
	       1959.13 7059.52566  7059.5253   4.0 1 1 
	       1975.07  7058.4864  7058.4895   4.0 1 1 
	function chebyshev
	order 4
	sample *
	naverage 1
	niterate 2000
	low_reject 3.
	high_reject 3.
	grow 0.
	coefficients	8
		1.
		4.
		72.23475646972656
		1975.068481445313
		7115.414162939575
		-55.20406978314398
		-1.723519095586785
		-1.719541185816662E-4

# Mon 11:43:52 30-Jan-2023
begin	identify iazcomp.0040 - Ap 40
	id	iazcomp.0040
	task	identify
	image	iazcomp.0040 - Ap 40
	aperture	40
	aplow	1509.11
	aphigh	1516.9
	units	Angstroms
	features	36
	         76.55 7168.89566  7168.8952   4.0 1 1 
	        109.87 7167.19925  7167.2028   4.0 1 1 
	        200.11 7162.56317  7162.5569   4.0 1 1 
	        250.62 7159.94127   7159.947   4.0 1 1 
	        307.96 7156.94082  7156.9416   4.0 1 1 
	        371.42 7153.59164  7153.5877   4.0 1 1 
	        433.46 7150.28776  7150.2844   4.0 1 1 
	        465.70 7148.55937  7148.5589   4.0 1 1 
	        494.02 7147.03453  7147.0416   4.0 1 1 
	        580.62 7142.33388   7142.331   4.0 1 1 
	        614.78 7140.46362  7140.4617   4.0 1 1 
	        756.57 7132.60775    7132.61   4.0 1 1 
	        778.77 7131.36397  7131.3586   4.0 1 1 
	        790.19 7130.72211  7130.7236   4.0 1 1 
	        876.91 7125.81999    7125.82   4.0 1 1 
	        899.04 7124.55953  7124.5607   4.0 1 1 
	       1075.18 7114.39667  7114.3984   4.0 1 1 
	       1100.44  7112.9197  7112.9189   4.0 1 1 
	       1152.53 7109.85896  7109.8602   4.0 1 1 
	       1164.05 7109.17901  7109.1819   4.0 1 1 
	       1192.82 7107.47755  7107.4778   4.0 1 1 
	       1309.46 7100.51298  7100.5144   4.0 1 1 
	       1493.09 7089.33883  7089.3395   4.0 1 1 
	       1535.74 7086.70667  7086.7044   4.0 1 1 
	       1576.64 7084.16951   7084.169   4.0 1 1 
	       1717.49 7075.33472  7075.3336   4.0 1 1 
	       1734.41 7074.26346  7074.2563   4.0 1 1 
	       1763.84 7072.39462  7072.3939   4.0 1 1 
	       1784.36  7071.0879  7071.0942   4.0 1 1 
	       1821.14 7068.73696  7068.7358   4.0 1 1 
	       1887.76 7064.45341  7064.4515   4.0 1 1 
	       1935.02 7061.39326  7061.3942   4.0 1 1 
	       1946.41 7060.65363  7060.6538   4.0 1 1 
	       1955.84 7060.04026  7060.0417   4.0 1 1 
	       1963.75 7059.52522  7059.5253   4.0 1 1 
	       1979.65 7058.48833  7058.4895   4.0 1 1 
	function chebyshev
	order 4
	sample *
	naverage 1
	niterate 2000
	low_reject 3.
	high_reject 3.
	grow 0.
	coefficients	8
		1.
		4.
		76.54658508300781
		1979.654907226563
		7115.41405600818
		-55.20296866375532
		-1.722059372590333
		-6.933529765081711E-4

# Mon 13:58:08 06-Feb-2023
begin	identify iazcomp.0040 - Ap 40
	id	iazcomp.0040
	task	identify
	image	iazcomp.0040 - Ap 40
	aperture	40
	aplow	1509.11
	aphigh	1516.9
	units	Angstroms
	features	36
	         75.63 7168.89546  7168.8952   4.0 1 1 
	        108.94 7167.19957  7167.2028   4.0 1 1 
	        199.22 7162.56038  7162.5569   4.0 1 1 
	        249.63 7159.94268   7159.947   4.0 1 1 
	        306.99 7156.94135  7156.9416   4.0 1 1 
	        370.46 7153.59071  7153.5877   4.0 1 1 
	        432.46 7150.28783  7150.2844   4.0 1 1 
	        464.69 7148.55991  7148.5589   4.0 1 1 
	        493.25 7147.02141  7147.0416   4.0 1 0 
	        579.64 7142.33161   7142.331   4.0 1 1 
	        613.79 7140.46168  7140.4617   4.0 1 1 
	        755.52 7132.60698    7132.61   4.0 1 1 
	        777.74 7131.36194  7131.3586   4.0 1 1 
	        789.13 7130.72168  7130.7236   4.0 1 1 
	        875.82 7125.82001    7125.82   4.0 1 1 
	        897.96 7124.55924  7124.5607   4.0 1 1 
	       1074.03 7114.39725  7114.3984   4.0 1 1 
	       1099.29 7112.92019  7112.9189   4.0 1 1 
	       1151.38 7109.85894  7109.8602   4.0 1 1 
	       1162.90 7109.17907  7109.1819   4.0 1 1 
	       1191.65 7107.47787  7107.4778   4.0 1 1 
	       1308.27 7100.51265  7100.5144   4.0 1 1 
	       1491.84 7089.33958  7089.3395   4.0 1 1 
	       1534.48 7086.70769  7086.7044   4.0 1 1 
	       1575.37 7084.17051   7084.169   4.0 1 1 
	       1716.19 7075.33532  7075.3336   4.0 1 1 
	       1733.21 7074.25729  7074.2563   4.0 1 1 
	       1762.51 7072.39605  7072.3939   4.0 1 1 
	       1783.04 7071.08817  7071.0942   4.0 1 1 
	       1819.80 7068.73823  7068.7358   4.0 1 1 
	       1886.40 7064.45391  7064.4515   4.0 1 1 
	       1933.65 7061.39436  7061.3942   4.0 1 1 
	       1945.06 7060.65311  7060.6538   4.0 1 1 
	       1954.48 7060.04001  7060.0417   4.0 1 1 
	       1962.37 7059.52614  7059.5253   4.0 1 1 
	       1978.30 7058.48703  7058.4895   4.0 1 1 
	function chebyshev
	order 4
	sample *
	naverage 1
	niterate 2000
	low_reject 3.
	high_reject 3.
	grow 0.
	coefficients	8
		1.
		4.
		75.63005828857422
		1978.302612304687
		7115.414028654579
		-55.20341948714951
		-1.722781760690615
		-7.940742093083736E-4

