# Tue 22:31:18 07-Sep-2021
begin	identify iazcomp.0003 - Ap 3
	id	iazcomp.0003
	task	identify
	image	iazcomp.0003 - Ap 3
	aperture	3
	aplow	923.13
	aphigh	931.13
	units	Angstroms
	features	39
	        156.72 4118.49186  4118.4893   4.0 1 1 
	        216.97 4116.71079  4116.7137   4.0 1 1 
	        249.00 4115.75764  4115.7589   4.0 1 1 
	        348.91 4112.75579  4112.7545   4.0 1 1 
	        461.38 4109.32475  4109.3234   4.0 1 1 
	        490.70 4108.42132  4108.4198   4.0 1 1 
	        508.91 4107.85799  4107.8614   4.0 1 1 
	        534.91 4107.05164  4107.0506   4.0 1 1 
	        605.81 4104.83726  4104.8385   4.0 1 1 
	        620.35 4104.38047  4104.3821   4.0 1 1 
	        676.13 4102.61911  4102.6177   4.0 1 1 
	        747.60 4100.34248  4100.3414   4.0 1 1 
	        791.51 4098.93241  4098.9327   4.0 1 1 
	        828.18 4097.74834  4097.7478   4.0 1 1 
	        879.59 4096.07823  4096.0759   4.0 1 1 
	        920.27 4094.74853   4094.747   4.0 1 1 
	        953.01 4093.67305  4093.6713   4.0 1 1 
	        961.64 4093.38896  4093.3921   4.0 1 1 
	       1089.50  4089.1388  4089.1379   4.0 1 1 
	       1101.89 4088.72318  4088.7264   4.0 1 1 
	       1144.64 4087.28368  4087.2848   4.0 1 1 
	       1167.19 4086.52134  4086.5205   4.0 1 1 
	       1199.29 4085.43192  4085.4341   4.0 1 1 
	       1210.75 4085.04205  4085.0421   4.0 1 1 
	       1256.82 4083.46877  4083.4688   4.0 1 1 
	       1288.35 4082.38653  4082.3872   4.0 1 1 
	       1317.89 4081.36851  4081.3678   4.0 1 1 
	       1369.69  4079.5749  4079.5738   4.0 1 1 
	       1445.07 4076.94339  4076.9432   4.0 1 1 
	       1454.05 4076.62854  4076.6284   4.0 1 1 
	       1486.03 4075.50359   4075.503   4.0 1 1 
	       1532.61 4073.85745  4073.8563   4.0 1 1 
	       1574.07 4072.38417  4072.3849   4.0 1 1 
	       1634.06 4070.23977  4070.2383   4.0 1 1 
	       1655.74 4069.46115  4069.4612   4.0 1 1 
	       1711.47 4067.45043  4067.4507   4.0 1 1 
	       1797.24 4064.33065  4064.3315   4.0 1 1 
	       1822.51 4063.40588  4063.4071   4.0 1 1 
	       1935.08  4059.2537  4059.2529   4.0 1 1 
	function chebyshev
	order 5
	sample *
	naverage 1
	niterate 2000
	low_reject 3.
	high_reject 3.
	grow 0.
	coefficients	9
		1.
		5.
		156.7200927734375
		1935.079467773438
		4089.732525403794
		-29.62341259811856
		-0.8616880994741
		0.004333378520967156
		0.001940335478954035

# Fri 10:18:52 11-Mar-2022
begin	identify iazcomp.0003 - Ap 3
	id	iazcomp.0003
	task	identify
	image	iazcomp.0003 - Ap 3
	aperture	3
	aplow	923.13
	aphigh	931.13
	units	Angstroms
	features	23
	        157.43 4118.46385  4118.4893   4.0 1 1 
	        214.58 4116.77448  4116.7137   4.0 1 1 
	        247.81 4115.78601  4115.7589   4.0 1 1 
	        347.52 4112.79085  4112.7545   4.0 1 1 
	        459.68 4109.36977  4109.3234   4.0 1 1 
	        494.32 4108.30218  4108.4198   4.0 1 1 
	        512.10 4107.75195  4107.8614   4.0 1 1 
	        535.59 4107.02316  4107.0506   4.0 1 1 
	        605.70 4104.83332  4104.8385   4.0 1 1 
	        621.05 4104.35117  4104.3821   4.0 1 1 
	        672.17 4102.73731  4102.6177   4.0 1 1 
	        832.03 4097.61636  4097.7478   4.0 1 1 
	        880.91 4096.02813  4096.0759   4.0 1 1 
	       1087.54 4089.19719  4089.1379   4.0 1 1 
	       1101.30 4088.73581  4088.7264   4.0 1 1 
	       1196.47 4085.52064  4085.4341   4.0 1 1 
	       1208.91  4085.0973  4085.0421   4.0 1 1 
	       1260.60 4083.33195  4083.4688   4.0 1 1 
	       1289.59 4082.33637  4082.3872   4.0 1 1 
	       1452.06 4076.69103  4076.6284   4.0 1 1 
	       1570.64 4072.49907  4072.3849   4.0 1 1 
	       1632.79 4070.27822  4070.2383   4.0 1 1 
	       1935.83 4059.21849  4059.2529   4.0 1 1 
	shift	-0.007240258583864771
	function chebyshev
	order 5
	sample *
	naverage 1
	niterate 2000
	low_reject 3.
	high_reject 3.
	grow 0.
	coefficients	9
		1.
		5.
		156.7200927734377
		1935.079467773441
		4089.732525403799
		-29.6234125981186
		-0.8616880994741011
		0.004333378520967164
		0.001940335478954039

# Fri 10:40:41 11-Mar-2022
begin	identify iazcomp.0003 - Ap 3
	id	iazcomp.0003
	task	identify
	image	iazcomp.0003 - Ap 3
	aperture	3
	aplow	923.13
	aphigh	931.13
	units	Angstroms
	features	38
	        202.21 4116.71385  4116.7137   4.0 1 1 
	        234.30  4115.7584  4115.7589   4.0 1 1 
	        334.24 4112.75507  4112.7545   4.0 1 1 
	        446.67 4109.32525  4109.3234   4.0 1 1 
	        476.04 4108.42055  4108.4198   4.0 1 1 
	        520.36  4107.0479  4107.0506   4.0 1 1 
	        591.17 4104.83716  4104.8385   4.0 1 1 
	        605.70 4104.38057  4104.3821   4.0 1 1 
	        661.52  4102.6191  4102.6177   4.0 1 1 
	        733.04 4100.34165  4100.3414   4.0 1 1 
	        776.99 4098.93119  4098.9327   4.0 1 1 
	        783.16 4098.73253  4098.7316   4.0 1 1 
	        813.67  4097.7474  4097.7478   4.0 1 1 
	        865.10 4096.07774  4096.0759   4.0 1 1 
	        905.80 4094.74832   4094.747   4.0 1 1 
	        938.56 4093.67296  4093.6713   4.0 1 1 
	       1075.13 4089.13849  4089.1379   4.0 1 1 
	       1130.34 4087.28215  4087.2848   4.0 1 1 
	       1152.85 4086.52145  4086.5205   4.0 1 1 
	       1184.93 4085.43365  4085.4341   4.0 1 1 
	       1196.47 4085.04106  4085.0421   4.0 1 1 
	       1208.91  4084.6172  4084.6192   4.0 1 1 
	       1242.56 4083.46785  4083.4688   4.0 1 1 
	       1274.09 4082.38632  4082.3872   4.0 1 1 
	       1303.64 4081.36879  4081.3678   4.0 1 1 
	       1332.85 4080.35927   4080.358   4.0 1 1 
	       1355.50   4079.574  4079.5738   4.0 1 1 
	       1430.88  4076.9445  4076.9432   4.0 1 1 
	       1439.88 4076.62866  4076.6284   4.0 1 1 
	       1471.86 4075.50454   4075.503   4.0 1 1 
	       1518.60 4073.85396  4073.8563   4.0 1 1 
	       1560.00 4072.38412  4072.3849   4.0 1 1 
	       1620.04 4070.23945  4070.2383   4.0 1 1 
	       1641.72 4069.46133  4069.4612   4.0 1 1 
	       1648.92 4069.20254  4069.2014   4.0 1 1 
	       1783.38 4064.32988  4064.3315   4.0 1 1 
	       1808.62 4063.40725  4063.4071   4.0 1 1 
	       1921.38 4059.25321  4059.2529   4.0 1 1 
	function chebyshev
	order 5
	sample *
	naverage 1
	niterate 2000
	low_reject 3.
	high_reject 3.
	grow 0.
	coefficients	9
		1.
		5.
		202.2112579345703
		1921.380004882813
		4088.781605137983
		-28.73460129987023
		-0.8006119330678989
		0.004284310075523153
		0.00253734150438993

# Tue 15:05:02 29-Mar-2022
begin	identify iazcomp.0003 - Ap 3
	id	iazcomp.0003
	task	identify
	image	iazcomp.0003 - Ap 3
	aperture	3
	aplow	923.13
	aphigh	931.13
	units	Angstroms
	features	38
	        202.99 4116.71298  4116.7137   4.0 1 1 
	        235.04 4115.75887  4115.7589   4.0 1 1 
	        334.95 4112.75599  4112.7545   4.0 1 1 
	        447.43 4109.32418  4109.3234   4.0 1 1 
	        476.76 4108.42049  4108.4198   4.0 1 1 
	        521.06 4107.04822  4107.0506   4.0 1 1 
	        591.82 4104.83848  4104.8385   4.0 1 1 
	        606.39 4104.38104  4104.3821   4.0 1 1 
	        662.22 4102.61856  4102.6177   4.0 1 1 
	        733.72 4100.34154  4100.3414   4.0 1 1 
	        777.64  4098.9318  4098.9327   4.0 1 1 
	        783.86 4098.73162  4098.7316   4.0 1 1 
	        814.36 4097.74679  4097.7478   4.0 1 1 
	        865.74 4096.07862  4096.0759   4.0 1 1 
	        906.48 4094.74754   4094.747   4.0 1 1 
	        939.25 4093.67173  4093.6713   4.0 1 1 
	       1075.79 4089.13825  4089.1379   4.0 1 1 
	       1131.00 4087.28196  4087.2848   4.0 1 1 
	       1153.50 4086.52135  4086.5205   4.0 1 1 
	       1185.64 4085.43156  4085.4341   4.0 1 1 
	       1197.10 4085.04194  4085.0421   4.0 1 1 
	       1209.33 4084.62541  4084.6192   4.0 1 0 
	       1243.18 4083.46889  4083.4688   4.0 1 1 
	       1274.72 4082.38698  4082.3872   4.0 1 1 
	       1304.32 4081.36778  4081.3678   4.0 1 1 
	       1333.49  4080.3597   4080.358   4.0 1 1 
	       1356.11  4079.5753  4079.5738   4.0 1 1 
	       1431.54 4076.94371  4076.9432   4.0 1 1 
	       1440.53 4076.62858  4076.6284   4.0 1 1 
	       1472.51 4075.50412   4075.503   4.0 1 1 
	       1519.18 4073.85576  4073.8563   4.0 1 1 
	       1560.63 4072.38352  4072.3849   4.0 1 1 
	       1620.63 4070.23985  4070.2383   4.0 1 1 
	       1642.35 4069.46002  4069.4612   4.0 1 1 
	       1649.56 4069.20102  4069.2014   4.0 1 1 
	       1783.84 4064.33189  4064.3315   4.0 1 1 
	       1809.15 4063.40583  4063.4071   4.0 1 1 
	       1921.75 4059.25361  4059.2529   4.0 1 1 
	function chebyshev
	order 5
	sample *
	naverage 1
	niterate 2000
	low_reject 3.
	high_reject 3.
	grow 0.
	coefficients	9
		1.
		5.
		202.98828125
		1921.754028320313
		4088.783581863023
		-28.73248466207168
		-0.802024431395214
		0.002799688739764008
		0.001736276991613606

# Mon 11:29:29 30-Jan-2023
begin	identify iazcomp.0003 - Ap 3
	id	iazcomp.0003
	task	identify
	image	iazcomp.0003 - Ap 3
	aperture	3
	aplow	923.13
	aphigh	931.13
	units	Angstroms
	features	35
	        207.08 4116.71271  4116.7137   4.0 1 1 
	        239.09 4115.75949  4115.7589   4.0 1 1 
	        339.03 4112.75638  4112.7545   4.0 1 1 
	        451.55 4109.32425  4109.3234   4.0 1 1 
	        480.90 4108.42005  4108.4198   4.0 1 1 
	        525.18 4107.04882  4107.0506   4.0 1 1 
	        596.07 4104.83586  4104.8385   4.0 1 1 
	        610.59 4104.37979  4104.3821   4.0 1 1 
	        666.38 4102.61916  4102.6177   4.0 1 1 
	        737.92 4100.34172  4100.3414   4.0 1 1 
	        781.86 4098.93148  4098.9327   4.0 1 1 
	        818.56 4097.74749  4097.7478   4.0 1 1 
	        869.93 4096.07982  4096.0759   4.0 1 1 
	        910.67 4094.74904   4094.747   4.0 1 1 
	        943.46 4093.67239  4093.6713   4.0 1 1 
	       1079.98  4089.1398  4089.1379   4.0 1 1 
	       1135.28 4087.28083  4087.2848   4.0 1 1 
	       1157.75 4086.52153  4086.5205   4.0 1 1 
	       1189.90  4085.4311  4085.4341   4.0 1 1 
	       1201.35 4085.04163  4085.0421   4.0 1 1 
	       1213.68 4084.62182  4084.6192   4.0 1 1 
	       1247.47 4083.46753  4083.4688   4.0 1 1 
	       1278.98 4082.38674  4082.3872   4.0 1 1 
	       1308.59 4081.36746  4081.3678   4.0 1 1 
	       1360.42  4079.5737  4079.5738   4.0 1 1 
	       1435.87 4076.94182  4076.9432   4.0 1 1 
	       1444.82 4076.62798  4076.6284   4.0 1 1 
	       1476.83 4075.50326   4075.503   4.0 1 1 
	       1523.45 4073.85674  4073.8563   4.0 1 1 
	       1564.93 4072.38444  4072.3849   4.0 1 1 
	       1624.96 4070.24079  4070.2383   4.0 1 1 
	       1646.65 4069.46269  4069.4612   4.0 1 1 
	       1788.42 4064.32938  4064.3315   4.0 1 1 
	       1813.64 4063.40792  4063.4071   4.0 1 1 
	       1926.51 4059.25267  4059.2529   4.0 1 1 
	function chebyshev
	order 5
	sample *
	naverage 1
	niterate 2000
	low_reject 3.
	high_reject 3.
	grow 0.
	coefficients	9
		1.
		5.
		207.0751647949219
		1926.507934570312
		4088.779101637317
		-28.7353118008439
		-0.7993545554134302
		0.005293716087323107
		0.002945836694135272

# Mon 11:31:24 30-Jan-2023
begin	identify iazcomp.0003 - Ap 3
	id	iazcomp.0003
	task	identify
	image	iazcomp.0003 - Ap 3
	aperture	3
	aplow	923.13
	aphigh	931.13
	units	Angstroms
	features	35
	        207.08 4116.71261  4116.7137   4.0 1 1 
	        239.09  4115.7596  4115.7589   4.0 1 1 
	        339.03 4112.75639  4112.7545   4.0 1 1 
	        451.55 4109.32425  4109.3234   4.0 1 1 
	        480.90 4108.42004  4108.4198   4.0 1 1 
	        525.18 4107.04882  4107.0506   4.0 1 1 
	        596.07 4104.83583  4104.8385   4.0 1 1 
	        610.59 4104.37984  4104.3821   4.0 1 1 
	        666.38 4102.61925  4102.6177   4.0 1 1 
	        737.92 4100.34165  4100.3414   4.0 1 1 
	        781.86 4098.93158  4098.9327   4.0 1 1 
	        818.56 4097.74733  4097.7478   4.0 1 1 
	        869.93 4096.07973  4096.0759   4.0 1 1 
	        910.67 4094.74894   4094.747   4.0 1 1 
	        943.46 4093.67252  4093.6713   4.0 1 1 
	       1079.98 4089.13999  4089.1379   4.0 1 1 
	       1135.28  4087.2807  4087.2848   4.0 1 1 
	       1157.75 4086.52139  4086.5205   4.0 1 1 
	       1189.90 4085.43115  4085.4341   4.0 1 1 
	       1201.35 4085.04177  4085.0421   4.0 1 1 
	       1213.68 4084.62184  4084.6192   4.0 1 1 
	       1247.47 4083.46763  4083.4688   4.0 1 1 
	       1278.98 4082.38683  4082.3872   4.0 1 1 
	       1308.59  4081.3673  4081.3678   4.0 1 1 
	       1360.42 4079.57359  4079.5738   4.0 1 1 
	       1435.87 4076.94188  4076.9432   4.0 1 1 
	       1444.82  4076.6281  4076.6284   4.0 1 1 
	       1476.83 4075.50306   4075.503   4.0 1 1 
	       1523.45  4073.8568  4073.8563   4.0 1 1 
	       1564.93 4072.38439  4072.3849   4.0 1 1 
	       1624.96 4070.24085  4070.2383   4.0 1 1 
	       1646.65  4069.4627  4069.4612   4.0 1 1 
	       1788.42 4064.32944  4064.3315   4.0 1 1 
	       1813.64 4063.40782  4063.4071   4.0 1 1 
	       1926.51  4059.2527  4059.2529   4.0 1 1 
	function chebyshev
	order 5
	sample *
	naverage 1
	niterate 2000
	low_reject 3.
	high_reject 3.
	grow 0.
	coefficients	9
		1.
		5.
		207.0800000000001
		1926.51
		4088.778978327939
		-28.73526664118917
		-0.7993280539575058
		0.005308762072344745
		0.003003875482506347

# Mon 13:56:29 06-Feb-2023
begin	identify iazcomp.0003 - Ap 3
	id	iazcomp.0003
	task	identify
	image	iazcomp.0003 - Ap 3
	aperture	3
	aplow	923.13
	aphigh	931.13
	units	Angstroms
	features	35
	        206.29 4116.71304  4116.7137   4.0 1 1 
	        238.30 4115.75966  4115.7589   4.0 1 1 
	        338.23 4112.75519  4112.7545   4.0 1 1 
	        450.70 4109.32313  4109.3234   4.0 1 1 
	        480.01 4108.41994  4108.4198   4.0 1 1 
	        524.28 4107.04872  4107.0506   4.0 1 1 
	        595.02 4104.83953  4104.8385   4.0 1 1 
	        609.58 4104.38209  4104.3821   4.0 1 1 
	        665.49 4102.61733  4102.6177   4.0 1 1 
	        736.96 4100.34134  4100.3414   4.0 1 1 
	        780.90 4098.93101  4098.9327   4.0 1 1 
	        817.58 4097.74722  4097.7478   4.0 1 1 
	        869.00 4096.07755  4096.0759   4.0 1 1 
	        909.69 4094.74814   4094.747   4.0 1 1 
	        942.41 4093.67381  4093.6713   4.0 1 1 
	       1078.96 4089.13966  4089.1379   4.0 1 1 
	       1134.18 4087.28292  4087.2848   4.0 1 1 
	       1156.72 4086.52117  4086.5205   4.0 1 1 
	       1188.82  4085.4326  4085.4341   4.0 1 1 
	       1200.33 4085.04105  4085.0421   4.0 1 1 
	       1212.76 4084.61752  4084.6192   4.0 1 1 
	       1246.38 4083.46891  4083.4688   4.0 1 1 
	       1277.94 4082.38633  4082.3872   4.0 1 1 
	       1307.53 4081.36732  4081.3678   4.0 1 1 
	       1359.32 4079.57454  4079.5738   4.0 1 1 
	       1434.73 4076.94353  4076.9432   4.0 1 1 
	       1443.72 4076.62838  4076.6284   4.0 1 1 
	       1475.73 4075.50292   4075.503   4.0 1 1 
	       1522.30 4073.85792  4073.8563   4.0 1 1 
	       1563.82 4072.38368  4072.3849   4.0 1 1 
	       1623.78 4070.24149  4070.2383   4.0 1 1 
	       1645.53 4069.46099  4069.4612   4.0 1 1 
	       1787.15 4064.32954  4064.3315   4.0 1 1 
	       1812.39 4063.40652  4063.4071   4.0 1 1 
	       1925.09 4059.25361  4059.2529   4.0 1 1 
	function chebyshev
	order 5
	sample *
	naverage 1
	niterate 2000
	low_reject 3.
	high_reject 3.
	grow 0.
	coefficients	9
		1.
		5.
		206.2908630371094
		1925.091064453125
		4088.781059912646
		-28.73332609382365
		-0.800337548136357
		0.003613760879432926
		0.002604966813507789

