# Tue 22:35:50 07-Sep-2021
begin	identify iazcomp.0011 - Ap 11
	id	iazcomp.0011
	task	identify
	image	iazcomp.0011 - Ap 11
	aperture	11
	aplow	1089.06
	aphigh	1097.54
	units	Angstroms
	features	36
	        139.53 4535.97823  4535.9798   4.0 1 1 
	        161.89 4535.25438  4535.2546   4.0 1 1 
	        196.75 4534.12083  4534.1198   4.0 1 1 
	        305.28 4530.55412  4530.5523   4.0 1 1 
	        496.54 4524.12908  4524.1289   4.0 1 1 
	        549.37 4522.32325   4522.323   4.0 1 1 
	        638.13 4519.25826  4519.2592   4.0 1 1 
	        756.34 4515.11692  4515.1182   4.0 1 1 
	        796.96 4513.67819  4513.6799   4.0 1 1 
	        809.78 4513.22251  4513.2231   4.0 1 1 
	        830.42 4512.48713  4512.4832   4.0 1 1 
	        879.46 4510.73127  4510.7332   4.0 1 1 
	       1031.47 4505.21515  4505.2167   4.0 1 1 
	       1093.62 4502.92746  4502.9268   4.0 1 1 
	       1172.90 4499.98213  4499.9832   4.0 1 1 
	       1200.69 4498.94251  4498.9401   4.0 1 1 
	       1211.41 4498.54022  4498.5384   4.0 1 1 
	       1270.51 4496.31376  4496.3155   4.0 1 1 
	       1313.29 4494.69173  4494.6907   4.0 1 1 
	       1348.93 4493.33348  4493.3337   4.0 1 1 
	       1410.24 4490.98277  4490.9816   4.0 1 1 
	       1418.24 4490.67458  4490.6715   4.0 1 1 
	       1444.42 4489.66447  4489.6645   4.0 1 1 
	       1469.88 4488.67847  4488.6803   4.0 1 1 
	       1479.37 4488.31029  4488.3123   4.0 1 1 
	       1500.32 4487.49583  4487.4955   4.0 1 1 
	       1515.68  4486.8977  4486.8973   4.0 1 1 
	       1606.25 4483.34613  4483.3468   4.0 1 1 
	       1636.07 4482.16816  4482.1693   4.0 1 1 
	       1645.11 4481.81028  4481.8107   4.0 1 1 
	       1699.76 4479.63829  4479.6376   4.0 1 1 
	       1725.88 4478.59493  4478.5958   4.0 1 1 
	       1809.78 4475.22203  4475.2214   4.0 1 1 
	       1821.23 4474.75945  4474.7594   4.0 1 1 
	       1949.64 4469.52554  4469.5253   4.0 1 1 
	       1978.93 4468.32087  4468.3208   4.0 1 1 
	function chebyshev
	order 5
	sample *
	naverage 1
	niterate 2000
	low_reject 3.
	high_reject 3.
	grow 0.
	coefficients	9
		1.
		5.
		139.5346832275391
		1978.933837890625
		4503.171751159613
		-33.8311297080042
		-1.022926562635945
		0.002451228669714219
		7.270612913694918E-4

# Fri 10:50:14 11-Mar-2022
begin	identify iazcomp.0011 - Ap 11
	id	iazcomp.0011
	task	identify
	image	iazcomp.0011 - Ap 11
	aperture	11
	aplow	1089.06
	aphigh	1097.54
	units	Angstroms
	features	44
	         72.77 4537.64195  4537.6426   4.0 1 1 
	        124.44 4535.97766  4535.9798   4.0 1 1 
	        146.79 4535.25365  4535.2546   4.0 1 1 
	        181.63 4534.12054  4534.1198   4.0 1 1 
	        213.51 4533.07833   4533.077   4.0 1 1 
	        238.48 4532.25886  4532.2577   4.0 1 1 
	        290.16  4530.5534  4530.5523   4.0 1 1 
	        297.18 4530.32101  4530.3191   4.0 1 1 
	        460.53 4524.84052  4524.8379   4.0 1 1 
	        481.58 4524.12531  4524.1289   4.0 1 1 
	        534.36 4522.32181   4522.323   4.0 1 1 
	        567.04  4521.1982  4521.1939   4.0 1 1 
	        623.18 4519.25643  4519.2592   4.0 1 1 
	        741.44 4515.11593  4515.1182   4.0 1 1 
	        782.05  4513.6785  4513.6799   4.0 1 1 
	        794.92 4513.22104  4513.2231   4.0 1 1 
	        815.58 4512.48555  4512.4832   4.0 1 1 
	        864.62 4510.73105  4510.7332   4.0 1 1 
	       1016.70 4505.21555  4505.2167   4.0 1 1 
	       1032.65 4504.63058  4504.6306   4.0 1 1 
	       1078.90 4502.92771  4502.9268   4.0 1 1 
	       1158.22 4499.98246  4499.9832   4.0 1 1 
	       1186.03 4498.94268  4498.9401   4.0 1 1 
	       1196.77 4498.54034  4498.5384   4.0 1 1 
	       1255.79 4496.31789  4496.3155   4.0 1 1 
	       1298.72 4494.69131  4494.6907   4.0 1 1 
	       1334.36 4493.33387  4493.3337   4.0 1 1 
	       1395.70 4490.98319  4490.9816   4.0 1 1 
	       1403.72 4490.67456  4490.6715   4.0 1 1 
	       1429.92 4489.66387  4489.6645   4.0 1 1 
	       1455.39 4488.67866  4488.6803   4.0 1 1 
	       1464.93 4488.30838  4488.3123   4.0 1 1 
	       1485.86 4487.49541  4487.4955   4.0 1 1 
	       1501.22 4486.89751  4486.8973   4.0 1 1 
	       1591.82 4483.34677  4483.3468   4.0 1 1 
	       1621.68 4482.16812  4482.1693   4.0 1 1 
	       1630.70 4481.81082  4481.8107   4.0 1 1 
	       1685.45 4479.63624  4479.6376   4.0 1 1 
	       1711.55 4478.59465  4478.5958   4.0 1 1 
	       1795.51 4475.22181  4475.2214   4.0 1 1 
	       1806.95 4474.75979  4474.7594   4.0 1 1 
	       1899.68 4470.99108  4470.9906   4.0 1 1 
	       1935.46 4469.52616  4469.5253   4.0 1 1 
	       1964.80 4468.32064  4468.3208   4.0 1 1 
	function chebyshev
	order 5
	sample *
	naverage 1
	niterate 2000
	low_reject 3.
	high_reject 3.
	grow 0.
	coefficients	9
		1.
		5.
		72.77398681640624
		1964.798950195313
		4504.058508591446
		-34.66214658558977
		-1.078947640144054
		0.001491819284904751
		0.001732345975310447

# Tue 15:08:28 29-Mar-2022
begin	identify iazcomp.0011 - Ap 11
	id	iazcomp.0011
	task	identify
	image	iazcomp.0011 - Ap 11
	aperture	11
	aplow	1089.06
	aphigh	1097.54
	units	Angstroms
	features	44
	         73.47 4537.64143  4537.6426   4.0 1 1 
	        125.08 4535.97886  4535.9798   4.0 1 1 
	        147.44 4535.25445  4535.2546   4.0 1 1 
	        182.35 4534.11906  4534.1198   4.0 1 1 
	        214.20 4533.07818   4533.077   4.0 1 1 
	        239.14 4532.25972  4532.2577   4.0 1 1 
	        290.86   4530.553  4530.5523   4.0 1 1 
	        297.87  4530.3206  4530.3191   4.0 1 1 
	        461.29 4524.83791  4524.8379   4.0 1 1 
	        482.19 4524.12721  4524.1289   4.0 1 1 
	        535.04 4522.32144   4522.323   4.0 1 1 
	        567.71 4521.19822  4521.1939   4.0 1 1 
	        623.80 4519.25782  4519.2592   4.0 1 1 
	        742.08 4515.11599  4515.1182   4.0 1 1 
	        782.69 4513.67853  4513.6799   4.0 1 1 
	        795.55 4513.22145  4513.2231   4.0 1 1 
	        816.22 4512.48522  4512.4832   4.0 1 1 
	        865.25 4510.73108  4510.7332   4.0 1 1 
	       1017.31 4505.21579  4505.2167   4.0 1 1 
	       1033.44 4504.62393  4504.6306   4.0 1 0 
	       1079.50 4502.92776  4502.9268   4.0 1 1 
	       1158.79 4499.98325  4499.9832   4.0 1 1 
	       1186.62 4498.94281  4498.9401   4.0 1 1 
	       1197.34 4498.54067  4498.5384   4.0 1 1 
	       1256.47 4496.31442  4496.3155   4.0 1 1 
	       1299.31 4494.69062  4494.6907   4.0 1 1 
	       1334.94 4493.33364  4493.3337   4.0 1 1 
	       1396.27 4490.98297  4490.9816   4.0 1 1 
	       1404.24 4490.67616  4490.6715   4.0 1 1 
	       1430.48 4489.66424  4489.6645   4.0 1 1 
	       1455.96 4488.67803  4488.6803   4.0 1 1 
	       1465.46 4488.30955  4488.3123   4.0 1 1 
	       1486.40 4487.49633  4487.4955   4.0 1 1 
	       1501.78 4486.89725  4486.8973   4.0 1 1 
	       1592.38 4483.34626  4483.3468   4.0 1 1 
	       1622.23 4482.16786  4482.1693   4.0 1 1 
	       1631.27 4481.81031  4481.8107   4.0 1 1 
	       1685.95 4479.63814  4479.6376   4.0 1 1 
	       1712.11  4478.5941  4478.5958   4.0 1 1 
	       1796.06 4475.22138  4475.2214   4.0 1 1 
	       1807.49 4474.75979  4474.7594   4.0 1 1 
	       1900.23 4470.99066  4470.9906   4.0 1 1 
	       1936.01 4469.52609  4469.5253   4.0 1 1 
	       1965.34 4468.32095  4468.3208   4.0 1 1 
	function chebyshev
	order 5
	sample *
	naverage 1
	niterate 2000
	low_reject 3.
	high_reject 3.
	grow 0.
	coefficients	9
		1.
		5.
		73.46629333496094
		1965.337524414063
		4504.058387181119
		-34.66227000308267
		-1.078913983536526
		0.002028433594972336
		0.001717836222110864

# Mon 11:33:13 30-Jan-2023
begin	identify iazcomp.0011 - Ap 11
	id	iazcomp.0011
	task	identify
	image	iazcomp.0011 - Ap 11
	aperture	11
	aplow	1089.06
	aphigh	1097.54
	units	Angstroms
	features	46
	         77.59 4537.64341  4537.6426   4.0 1 1 
	        129.35 4535.97619  4535.9798   4.0 1 1 
	        144.29 4535.49278  4535.4903   4.0 1 1 
	        151.64 4535.25427  4535.2546   4.0 1 1 
	        186.55 4534.11905  4534.1198   4.0 1 1 
	        218.44 4533.07674   4533.077   4.0 1 1 
	        243.37 4532.25871  4532.2577   4.0 1 1 
	        295.07 4530.55275  4530.5523   4.0 1 1 
	        302.11 4530.31966  4530.3191   4.0 1 1 
	        465.53 4524.83764  4524.8379   4.0 1 1 
	        486.36 4524.13001  4524.1289   4.0 1 1 
	        539.29 4522.32162   4522.323   4.0 1 1 
	        572.00 4521.19733  4521.1939   4.0 1 1 
	        628.08 4519.25771  4519.2592   4.0 1 1 
	        746.39 4515.11612  4515.1182   4.0 1 1 
	        787.03 4513.67805  4513.6799   4.0 1 1 
	        799.88 4513.22171  4513.2231   4.0 1 1 
	        820.51 4512.48716  4512.4832   4.0 1 1 
	        869.59 4510.73129  4510.7332   4.0 1 1 
	       1021.71 4505.21543  4505.2167   4.0 1 1 
	       1037.68 4504.63008  4504.6306   4.0 1 1 
	       1083.91 4502.92782  4502.9268   4.0 1 1 
	       1163.24 4499.98282  4499.9832   4.0 1 1 
	       1191.07 4498.94256  4498.9401   4.0 1 1 
	       1201.81 4498.54001  4498.5384   4.0 1 1 
	       1260.94 4496.31401  4496.3155   4.0 1 1 
	       1303.75 4494.69165  4494.6907   4.0 1 1 
	       1339.41 4493.33388  4493.3337   4.0 1 1 
	       1400.77  4490.9828  4490.9816   4.0 1 1 
	       1408.78 4490.67434  4490.6715   4.0 1 1 
	       1434.99 4489.66378  4489.6645   4.0 1 1 
	       1460.45 4488.67855  4488.6803   4.0 1 1 
	       1469.95 4488.31025  4488.3123   4.0 1 1 
	       1490.93  4487.4953  4487.4955   4.0 1 1 
	       1506.28 4486.89747  4486.8973   4.0 1 1 
	       1596.90  4483.3463  4483.3468   4.0 1 1 
	       1626.75 4482.16793  4482.1693   4.0 1 1 
	       1635.79 4481.81019  4481.8107   4.0 1 1 
	       1690.47 4479.63845  4479.6376   4.0 1 1 
	       1716.65  4478.5938  4478.5958   4.0 1 1 
	       1721.31 4478.40711  4478.4032   4.0 1 1 
	       1800.61 4475.22081  4475.2214   4.0 1 1 
	       1812.05 4474.75879  4474.7594   4.0 1 1 
	       1904.77 4470.99042  4470.9906   4.0 1 1 
	       1940.57 4469.52467  4469.5253   4.0 1 1 
	       1969.84 4468.32187  4468.3208   4.0 1 1 
	function chebyshev
	order 5
	sample *
	naverage 1
	niterate 2000
	low_reject 3.
	high_reject 3.
	grow 0.
	coefficients	9
		1.
		5.
		77.59421539306641
		1969.837036132812
		4504.06065624009
		-34.66178253791232
		-1.079730268536559
		0.00101424313867881
		0.00171603567139717

# Mon 13:56:46 06-Feb-2023
begin	identify iazcomp.0011 - Ap 11
	id	iazcomp.0011
	task	identify
	image	iazcomp.0011 - Ap 11
	aperture	11
	aplow	1089.06
	aphigh	1097.54
	units	Angstroms
	features	46
	         76.76 4537.64297  4537.6426   4.0 1 1 
	        128.50 4535.97594  4535.9798   4.0 1 1 
	        143.21 4535.49945  4535.4903   4.0 1 0 
	        150.74 4535.25539  4535.2546   4.0 1 1 
	        185.61 4534.12114  4534.1198   4.0 1 1 
	        217.54 4533.07742   4533.077   4.0 1 1 
	        242.51 4532.25778  4532.2577   4.0 1 1 
	        294.15 4530.55311  4530.5523   4.0 1 1 
	        301.18  4530.3201  4530.3191   4.0 1 1 
	        464.58 4524.83765  4524.8379   4.0 1 1 
	        485.36  4524.1312  4524.1289   4.0 1 1 
	        538.33 4522.32112   4522.323   4.0 1 1 
	        571.02 4521.19703  4521.1939   4.0 1 1 
	        627.10 4519.25713  4519.2592   4.0 1 1 
	        745.35 4515.11601  4515.1182   4.0 1 1 
	        785.98  4513.6777  4513.6799   4.0 1 1 
	        798.81 4513.22167  4513.2231   4.0 1 1 
	        819.46 4512.48642  4512.4832   4.0 1 1 
	        868.51 4510.73118  4510.7332   4.0 1 1 
	       1020.57 4505.21555  4505.2167   4.0 1 1 
	       1036.57 4504.62873  4504.6306   4.0 1 1 
	       1082.74 4502.92828  4502.9268   4.0 1 1 
	       1162.04 4499.98341  4499.9832   4.0 1 1 
	       1189.86  4498.9428  4498.9401   4.0 1 1 
	       1200.59 4498.54065  4498.5384   4.0 1 1 
	       1259.68 4496.31537  4496.3155   4.0 1 1 
	       1302.55 4494.69046  4494.6907   4.0 1 1 
	       1338.16 4493.33375  4493.3337   4.0 1 1 
	       1399.49 4490.98307  4490.9816   4.0 1 1 
	       1407.51 4490.67453  4490.6715   4.0 1 1 
	       1433.70 4489.66421  4489.6645   4.0 1 1 
	       1459.17 4488.67817  4488.6803   4.0 1 1 
	       1468.61 4488.31216  4488.3123   4.0 1 1 
	       1489.63 4487.49536  4487.4955   4.0 1 1 
	       1505.00 4486.89692  4486.8973   4.0 1 1 
	       1595.58 4483.34626  4483.3468   4.0 1 1 
	       1625.42 4482.16798  4482.1693   4.0 1 1 
	       1634.46 4481.81021  4481.8107   4.0 1 1 
	       1689.17 4479.63698  4479.6376   4.0 1 1 
	       1715.30 4478.59377  4478.5958   4.0 1 1 
	       1720.01 4478.40538  4478.4032   4.0 1 1 
	       1799.25 4475.22073  4475.2214   4.0 1 1 
	       1810.66 4474.75983  4474.7594   4.0 1 1 
	       1903.40 4470.99027  4470.9906   4.0 1 1 
	       1939.19 4469.52511  4469.5253   4.0 1 1 
	       1968.47 4468.32209  4468.3208   4.0 1 1 
	function chebyshev
	order 5
	sample *
	naverage 1
	niterate 2000
	low_reject 3.
	high_reject 3.
	grow 0.
	coefficients	9
		1.
		5.
		76.75741577148438
		1968.465698242188
		4504.059711318738
		-34.66220754527206
		-1.079118547601695
		0.001765778312854142
		0.00193423441891659

