# Tue 22:47:49 07-Sep-2021
begin	identify iazcomp.0046 - Ap 46
	id	iazcomp.0046
	task	identify
	image	iazcomp.0046 - Ap 46
	aperture	46
	aplow	1572.05
	aphigh	1578.83
	units	Angstroms
	features	15
	        143.42 8143.13641   8143.138   4.0 1 1 
	        198.64 8139.90747  8139.9032   4.0 1 1 
	        223.06 8138.47137  8138.4753   4.0 1 1 
	        542.90 8119.18468  8119.1811   4.0 1 1 
	        939.32 8094.05303  8094.0559   4.0 1 1 
	        967.13 8092.23853  8092.2373   4.0 1 1 
	       1073.83 8085.21669   8085.219   4.0 1 1 
	       1407.35 8062.62963  8062.6304   4.0 1 1 
	       1540.96 8053.31041  8053.3085   4.0 1 1 
	       1578.72  8050.6481   8050.648   4.0 1 1 
	       1642.58 8046.11811  8046.1169   4.0 1 1 
	       1766.61 8037.21878  8037.2183   4.0 1 1 
	       1832.57 8032.43167  8032.4313   4.0 1 1 
	       1863.14 8030.19995  8030.2004   4.0 1 1 
	       1944.09 8024.25177   8024.253   4.0 1 1 
	function chebyshev
	order 4
	sample *
	naverage 1
	niterate 2000
	low_reject 3.
	high_reject 3.
	grow 0.
	coefficients	8
		1.
		4.
		143.4208221435547
		1944.086059570312
		8085.449982544516
		-59.44083816359444
		-1.755890950339726
		-0.0014788994452414

# Fri 11:14:38 11-Mar-2022
begin	identify iazcomp.0046 - Ap 46
	id	iazcomp.0046
	task	identify
	image	iazcomp.0046 - Ap 46
	aperture	46
	aplow	1572.05
	aphigh	1578.83
	units	Angstroms
	features	17
	        127.08 8143.14223   8143.138   4.0 1 1 
	        206.86 8138.47153  8138.4753   4.0 1 1 
	        469.26 8122.72033  8122.7234   4.0 1 1 
	        923.36 8094.05444  8094.0559   4.0 1 1 
	        929.92 8093.62707  8093.6238   4.0 1 1 
	        951.24 8092.23597  8092.2373   4.0 1 1 
	        993.16 8089.48971  8089.4852   4.0 1 1 
	       1057.89 8085.21924   8085.219   4.0 1 1 
	       1391.60 8062.62777  8062.6304   4.0 1 1 
	       1525.25 8053.30949  8053.3085   4.0 1 1 
	       1563.01 8050.64876   8050.648   4.0 1 1 
	       1626.94 8046.11611  8046.1169   4.0 1 1 
	       1751.04 8037.21653  8037.2183   4.0 1 1 
	       1817.04 8032.42975  8032.4313   4.0 1 1 
	       1847.65 8030.19658  8030.2004   4.0 1 1 
	       1908.46 8025.73662  8025.7271   4.0 1 1 
	       1928.63 8024.24967   8024.253   4.0 1 1 
	function chebyshev
	order 4
	sample *
	naverage 1
	niterate 2000
	low_reject 3.
	high_reject 3.
	grow 0.
	coefficients	8
		1.
		4.
		127.083480834961
		1928.632202148438
		8085.450481748921
		-59.44652335106374
		-1.754529482448964
		2.453219073318700E-4

# Tue 15:32:41 29-Mar-2022
begin	identify iazcomp.0046 - Ap 46
	id	iazcomp.0046
	task	identify
	image	iazcomp.0046 - Ap 46
	aperture	46
	aplow	1572.05
	aphigh	1578.83
	units	Angstroms
	features	16
	        127.78 8143.14056   8143.138   4.0 1 1 
	        207.51 8138.47214  8138.4753   4.0 1 1 
	        469.86 8122.72325  8122.7234   4.0 1 1 
	        923.97 8094.05412  8094.0559   4.0 1 1 
	        930.58 8093.62363  8093.6238   4.0 1 1 
	        951.74 8092.24277  8092.2373   4.0 1 1 
	        993.84 8089.48454  8089.4852   4.0 1 1 
	       1058.51 8085.21809   8085.219   4.0 1 1 
	       1392.20 8062.62658  8062.6304   4.0 1 1 
	       1525.82 8053.31041  8053.3085   4.0 1 1 
	       1563.58 8050.64961   8050.648   4.0 1 1 
	       1627.53 8046.11625  8046.1169   4.0 1 1 
	       1751.61 8037.21793  8037.2183   4.0 1 1 
	       1817.59 8032.43276  8032.4313   4.0 1 1 
	       1848.21 8030.19845  8030.2004   4.0 1 1 
	       1929.17 8024.25361   8024.253   4.0 1 1 
	function chebyshev
	order 4
	sample *
	naverage 1
	niterate 2000
	low_reject 3.
	high_reject 3.
	grow 0.
	coefficients	8
		1.
		4.
		127.7807998657227
		1929.17431640625
		8085.450440539009
		-59.44403763481527
		-1.753355734809299
		5.586856081628948E-4

# Mon 11:45:17 30-Jan-2023
begin	identify iazcomp.0046 - Ap 46
	id	iazcomp.0046
	task	identify
	image	iazcomp.0046 - Ap 46
	aperture	46
	aplow	1572.05
	aphigh	1578.83
	units	Angstroms
	features	18
	        132.14 8143.14072   8143.138   4.0 1 1 
	        211.84  8138.4735  8138.4753   4.0 1 1 
	        474.32 8122.71524  8122.7234   4.0 1 1 
	        531.78 8119.18667  8119.1811   4.0 1 1 
	        928.33 8094.05479  8094.0559   4.0 1 1 
	        934.95 8093.62366  8093.6238   4.0 1 1 
	        956.11 8092.24373  8092.2373   4.0 1 1 
	        998.20 8089.48641  8089.4852   4.0 1 1 
	       1062.94 8085.21583   8085.219   4.0 1 1 
	       1396.64 8062.62847  8062.6304   4.0 1 1 
	       1530.36 8053.30735  8053.3085   4.0 1 1 
	       1568.11 8050.64838   8050.648   4.0 1 1 
	       1632.02  8046.1187  8046.1169   4.0 1 1 
	       1756.18 8037.21685  8037.2183   4.0 1 1 
	       1822.19  8032.4305  8032.4313   4.0 1 1 
	       1852.76 8030.20098  8030.2004   4.0 1 1 
	       1933.77 8024.25433   8024.253   4.0 1 1 
	       2024.49  8017.5272  8017.5275   4.0 1 1 
	function chebyshev
	order 4
	sample *
	naverage 1
	niterate 2000
	low_reject 3.
	high_reject 3.
	grow 0.
	coefficients	8
		1.
		4.
		132.1352996826172
		2024.49462890625
		8082.264968852943
		-62.80705859560822
		-1.931006971235371
		3.008182792225009E-4

# Mon 13:58:19 06-Feb-2023
begin	identify iazcomp.0046 - Ap 46
	id	iazcomp.0046
	task	identify
	image	iazcomp.0046 - Ap 46
	aperture	46
	aplow	1572.05
	aphigh	1578.83
	units	Angstroms
	features	18
	        131.20 8143.13909   8143.138   4.0 1 1 
	        210.88 8138.47194  8138.4753   4.0 1 1 
	        473.16 8122.72413  8122.7234   4.0 1 1 
	        530.77 8119.18506  8119.1811   4.0 1 1 
	        927.21 8094.05716  8094.0559   4.0 1 1 
	        933.88 8093.62268  8093.6238   4.0 1 1 
	        955.04 8092.24215  8092.2373   4.0 1 1 
	        997.21 8089.47932  8089.4852   4.0 1 1 
	       1061.83 8085.21562   8085.219   4.0 1 1 
	       1395.46 8062.62886  8062.6304   4.0 1 1 
	       1529.11 8053.31023  8053.3085   4.0 1 1 
	       1566.90 8050.64786   8050.648   4.0 1 1 
	       1630.78 8046.11818  8046.1169   4.0 1 1 
	       1754.86 8037.21969  8037.2183   4.0 1 1 
	       1820.85 8032.43313  8032.4313   4.0 1 1 
	       1851.47 8030.19935  8030.2004   4.0 1 1 
	       1932.43 8024.25322   8024.253   4.0 1 1 
	       2023.12 8017.52562  8017.5275   4.0 1 1 
	function chebyshev
	order 4
	sample *
	naverage 1
	niterate 2000
	low_reject 3.
	high_reject 3.
	grow 0.
	coefficients	8
		1.
		4.
		131.1972961425781
		2023.120361328125
		8082.265715192853
		-62.80602372249116
		-1.933356709020969
		-7.125303509196710E-4

