	# Fri 10:28:00 11-Mar-2022
begin	identify iazcomp.0001 - Ap 1
	id	iazcomp.0001
	task	identify
	image	iazcomp.0001 - Ap 1
	aperture	1
	aplow	877.07
	aphigh	885.15
	units	Angstroms
	features	36
	        106.18 4026.99973  4027.0091   4.0 1 1 
	        182.86  4024.7973  4024.8025   4.0 1 1 
	        334.44 4020.36593  4020.3541   4.0 1 1 
	        375.95 4019.13477  4019.1289   4.0 1 1 
	        522.67 4014.72196  4014.7164   4.0 1 1 
	        550.95 4013.86064  4013.8566   4.0 1 1 
	        595.43 4012.49871  4012.4952   4.0 1 1 
	        620.02 4011.74217  4011.7398   4.0 1 1 
	        733.69 4008.21089  4008.2102   4.0 1 1 
	        771.64 4007.01969  4007.0188   4.0 1 1 
	        791.99 4006.37857  4006.3806   4.0 1 1 
	        805.36 4005.95618  4005.9615   4.0 1 1 
	        832.60 4005.09316  4005.0928   4.0 1 1 
	        888.62   4003.309  4003.3086   4.0 1 1 
	        932.88 4001.88981  4001.8935   4.0 1 1 
	        958.79 4001.05538  4001.0581   4.0 1 1 
	        982.70 4000.28248  4000.2811   4.0 1 1 
	       1023.91 3998.94511  3998.9526   4.0 1 1 
	       1056.86 3997.87053  3997.8654   4.0 1 1 
	       1093.88 3996.65792  3996.6687   4.0 1 1 
	       1111.96 3996.06364  3996.0617   4.0 1 1 
	       1150.65  3994.7872  3994.7918   4.0 1 1 
	       1195.61  3993.2963  3993.2989   4.0 1 1 
	       1242.69 3991.72585  3991.7309   4.0 1 1 
	       1279.74 3990.48389  3990.4922   4.0 1 1 
	       1376.75 3987.20467  3987.2061   4.0 1 1 
	       1525.28 3982.10964   3982.102   4.0 1 1 
	       1553.89 3981.11789  3981.1065   4.0 1 1 
	       1583.28 3980.09588  3980.0896   4.0 1 1 
	       1604.34 3979.36149  3979.3559   4.0 1 1 
	       1688.97 3976.39183  3976.4149   4.0 1 1 
	       1734.61 3974.77827   3974.759   4.0 1 1 
	       1743.00 3974.48072  3974.4766   4.0 1 1 
	       1794.66 3972.64322  3972.6395   4.0 1 1 
	       1808.03 3972.16585  3972.1545   4.0 1 1 
	       1941.27  3967.3704  3967.3921   4.0 1 1 
	function chebyshev
	order 4
	sample *
	naverage 1
	niterate 2000
	low_reject 3.
	high_reject 3.
	grow 0.
	coefficients	8
		1.
		4.
		106.1836242675781
		1941.265625
		3998.068083463953
		-29.82520491331751
		-0.8830179484310435
		0.01053743035133155# Fri 10:29:39 11-Mar-2022
begin	identify iazcomp.0001 - Ap 1
	id	iazcomp.0001
	task	identify
	image	iazcomp.0001 - Ap 1
	aperture	1
	aplow	877.07
	aphigh	885.15
	units	Angstroms
	features	36
	        106.18 4026.99973  4027.0091   4.0 1 1 
	        182.86  4024.7973  4024.8025   4.0 1 1 
	        334.44 4020.36593  4020.3541   4.0 1 1 
	        375.95 4019.13477  4019.1289   4.0 1 1 
	        522.67 4014.72196  4014.7164   4.0 1 1 
	        550.95 4013.86064  4013.8566   4.0 1 1 
	        595.43 4012.49871  4012.4952   4.0 1 1 
	        620.02 4011.74218  4011.7398   4.0 1 1 
	        733.69 4008.21089  4008.2102   4.0 1 1 
	        771.64 4007.01969  4007.0188   4.0 1 1 
	        791.99 4006.37857  4006.3806   4.0 1 1 
	        805.36 4005.95618  4005.9615   4.0 1 1 
	        832.60 4005.09316  4005.0928   4.0 1 1 
	        888.62   4003.309  4003.3086   4.0 1 1 
	        932.88 4001.88981  4001.8935   4.0 1 1 
	        958.79 4001.05538  4001.0581   4.0 1 1 
	        982.70 4000.28248  4000.2811   4.0 1 1 
	       1023.91 3998.94511  3998.9526   4.0 1 1 
	       1056.86 3997.87053  3997.8654   4.0 1 1 
	       1093.88 3996.65792  3996.6687   4.0 1 1 
	       1111.96 3996.06364  3996.0617   4.0 1 1 
	       1150.65 3994.78721  3994.7918   4.0 1 1 
	       1195.61  3993.2963  3993.2989   4.0 1 1 
	       1242.69 3991.72585  3991.7309   4.0 1 1 
	       1279.74 3990.48389  3990.4922   4.0 1 1 
	       1376.75 3987.20467  3987.2061   4.0 1 1 
	       1525.28 3982.10963   3982.102   4.0 1 1 
	       1553.89 3981.11789  3981.1065   4.0 1 1 
	       1583.28 3980.09588  3980.0896   4.0 1 1 
	       1604.34 3979.36149  3979.3559   4.0 1 1 
	       1688.97 3976.39185  3976.4149   4.0 1 1 
	       1734.61 3974.77827   3974.759   4.0 1 1 
	       1743.00 3974.48072  3974.4766   4.0 1 1 
	       1794.66  3972.6432  3972.6395   4.0 1 1 
	       1808.03 3972.16586  3972.1545   4.0 1 1 
	       1941.27  3967.3704  3967.3921   4.0 1 1 
	shift	2.350991760775085E-7
	function chebyshev
	order 4
	sample *
	naverage 1
	niterate 2000
	low_reject 3.
	high_reject 3.
	grow 0.
	coefficients	8
		1.
		4.
		106.1836242675783
		1941.265625000001
		3998.068083463958
		-29.82520491331756
		-0.8830179484310449
		0.01053743035133157

# Tue 15:04:52 29-Mar-2022
begin	identify iazcomp.0001 - Ap 1
	id	iazcomp.0001
	task	identify
	image	iazcomp.0001 - Ap 1
	aperture	1
	aplow	877.07
	aphigh	885.15
	units	Angstroms
	features	36
	        107.11 4027.00208  4027.0091   4.0 1 1 
	        183.58 4024.80273  4024.8025   4.0 1 1 
	        335.47 4020.35837  4020.3541   4.0 1 1 
	        376.68 4019.13529  4019.1289   4.0 1 1 
	        523.49 4014.71808  4014.7164   4.0 1 1 
	        551.64 4013.86035  4013.8566   4.0 1 1 
	        596.14 4012.49782  4012.4952   4.0 1 1 
	        620.76 4011.74023  4011.7398   4.0 1 1 
	        734.42 4008.20938  4008.2102   4.0 1 1 
	        772.34 4007.01906  4007.0188   4.0 1 1 
	        792.71 4006.37702  4006.3806   4.0 1 1 
	        806.06 4005.95529  4005.9615   4.0 1 1 
	        833.32 4005.09186  4005.0928   4.0 1 1 
	        889.33 4003.30801  4003.3086   4.0 1 1 
	        933.60 4001.88882  4001.8935   4.0 1 1 
	        959.44  4001.0566  4001.0581   4.0 1 1 
	        983.42 4000.28144  4000.2811   4.0 1 1 
	       1024.52 3998.94794  3998.9526   4.0 1 1 
	       1057.52 3997.87173  3997.8654   4.0 1 1 
	       1094.15  3996.6721  3996.6687   4.0 1 1 
	       1112.62 3996.06512  3996.0617   4.0 1 1 
	       1151.35 3994.78742  3994.7918   4.0 1 1 
	       1196.22 3993.29915  3993.2989   4.0 1 1 
	       1243.28 3991.72965  3991.7309   4.0 1 1 
	       1280.37 3990.48581  3990.4922   4.0 1 1 
	       1377.35 3987.20712  3987.2061   4.0 1 1 
	       1526.05 3982.10428   3982.102   4.0 1 1 
	       1554.68 3981.11165  3981.1065   4.0 1 1 
	       1584.17  3980.0853  3980.0896   4.0 1 1 
	       1605.00 3979.35833  3979.3559   4.0 1 1 
	       1688.80 3976.41554  3976.4149   4.0 1 1 
	       1735.55 3974.76129   3974.759   4.0 1 1 
	       1743.49 3974.47952  3974.4766   4.0 1 1 
	       1794.92 3972.64796  3972.6395   4.0 1 1 
	       1808.85 3972.14992  3972.1545   4.0 1 1 
	       1941.08 3967.38446  3967.3921   4.0 1 1 
	function chebyshev
	order 4
	sample *
	naverage 1
	niterate 2000
	low_reject 3.
	high_reject 3.
	grow 0.
	coefficients	8
		1.
		4.
		107.1065368652344
		1941.076171875
		3998.077535182458
		-29.8153754688276
		-0.8842657552974256
		0.006561625818466623

# Mon 11:28:25 30-Jan-2023
begin	identify iazcomp.0001 - Ap 1
	id	iazcomp.0001
	task	identify
	image	iazcomp.0001 - Ap 1
	aperture	1
	aplow	877.07
	aphigh	885.15
	units	Angstroms
	features	36
	        111.06  4027.0073  4027.0091   4.0 1 1 
	        158.35  4025.6496  4025.6556   4.0 1 1 
	        187.55 4024.80635  4024.8025   4.0 1 1 
	        339.68  4020.3539  4020.3541   4.0 1 1 
	        380.75 4019.13483  4019.1289   4.0 1 1 
	        527.55 4014.71801  4014.7164   4.0 1 1 
	        555.68 4013.86135  4013.8566   4.0 1 1 
	        600.25 4012.49678  4012.4952   4.0 1 1 
	        624.92 4011.73789  4011.7398   4.0 1 1 
	        738.54 4008.20907  4008.2102   4.0 1 1 
	        776.44 4007.01985  4007.0188   4.0 1 1 
	        796.87 4006.37628  4006.3806   4.0 1 1 
	        810.10 4005.95853  4005.9615   4.0 1 1 
	        828.75 4005.36857  4005.3628   4.0 1 1 
	        837.48 4005.09163  4005.0928   4.0 1 1 
	        893.52 4003.30774  4003.3086   4.0 1 1 
	        937.78 4001.88928  4001.8935   4.0 1 1 
	        963.63 4001.05695  4001.0581   4.0 1 1 
	        987.59  4000.2829  4000.2811   4.0 1 1 
	       1028.70 3998.94945  3998.9526   4.0 1 1 
	       1035.53 3998.72697  3998.7334   4.0 1 1 
	       1098.51 3996.66844  3996.6687   4.0 1 1 
	       1116.92 3996.06367  3996.0617   4.0 1 1 
	       1155.55 3994.78993  3994.7918   4.0 1 1 
	       1162.78 3994.55066  3994.5494   4.0 1 1 
	       1200.46 3993.30088  3993.2989   4.0 1 1 
	       1237.84 3992.05546  3992.0535   4.0 1 1 
	       1247.56 3991.73046  3991.7309   4.0 1 1 
	       1284.61 3990.48847  3990.4922   4.0 1 1 
	       1381.53 3987.21276  3987.2061   4.0 1 1 
	       1449.81 3984.88138  3984.8795   4.0 1 1 
	       1559.08  3981.1103  3981.1065   4.0 1 1 
	       1588.51 3980.08622  3980.0896   4.0 1 1 
	       1609.35  3979.3588  3979.3559   4.0 1 1 
	       1747.99 3974.47409  3974.4766   4.0 1 1 
	       1900.73  3969.0013  3969.0026   4.0 1 1 
	function chebyshev
	order 4
	sample *
	naverage 1
	niterate 2000
	low_reject 3.
	high_reject 3.
	grow 0.
	coefficients	8
		1.
		4.
		111.0614471435547
		1900.729736328125
		3998.847148087056
		-29.00686894094848
		-0.8428450780657099
		0.003868757937862234

# Mon 13:56:17 06-Feb-2023
begin	identify iazcomp.0001 - Ap 1
	id	iazcomp.0001
	task	identify
	image	iazcomp.0001 - Ap 1
	aperture	1
	aplow	877.07
	aphigh	885.15
	units	Angstroms
	features	33
	        110.16 4027.00576  4027.0091   4.0 1 1 
	        157.38 4025.65074  4025.6556   4.0 1 1 
	        186.65 4024.80573  4024.8025   4.0 1 1 
	        338.66  4020.3576  4020.3541   4.0 1 1 
	        379.98 4019.13121  4019.1289   4.0 1 1 
	        526.63 4014.71898  4014.7164   4.0 1 1 
	        554.78 4013.86175  4013.8566   4.0 1 1 
	        599.38 4012.49598  4012.4952   4.0 1 1 
	        624.02 4011.73794  4011.7398   4.0 1 1 
	        737.63 4008.20926  4008.2102   4.0 1 1 
	        775.53 4007.01955  4007.0188   4.0 1 1 
	        809.08 4005.96175  4005.9615   4.0 1 1 
	        836.52 4005.09283  4005.0928   4.0 1 1 
	        892.56  4003.3082  4003.3086   4.0 1 1 
	        936.84 4001.88894  4001.8935   4.0 1 1 
	        962.66 4001.05741  4001.0581   4.0 1 1 
	        986.63  4000.2828  4000.2811   4.0 1 1 
	       1027.68 3998.95104  3998.9526   4.0 1 1 
	       1034.56 3998.72694  3998.7334   4.0 1 1 
	       1097.52 3996.66869  3996.6687   4.0 1 1 
	       1115.96 3996.06255  3996.0617   4.0 1 1 
	       1154.55  3994.7898  3994.7918   4.0 1 1 
	       1161.84 3994.54872  3994.5494   4.0 1 1 
	       1199.44 3993.30146  3993.2989   4.0 1 1 
	       1236.92 3992.05209  3992.0535   4.0 1 1 
	       1246.59 3991.72861  3991.7309   4.0 1 1 
	       1283.55 3990.48966  3990.4922   4.0 1 1 
	       1448.75 3984.88142  3984.8795   4.0 1 1 
	       1557.96  3981.1119  3981.1065   4.0 1 1 
	       1587.24  3980.0928  3980.0896   4.0 1 1 
	       1608.22 3979.36039  3979.3559   4.0 1 1 
	       1746.81 3974.47736  3974.4766   4.0 1 1 
	       1899.78 3968.99673  3969.0026   4.0 1 1 
	function chebyshev
	order 4
	sample *
	naverage 1
	niterate 2000
	low_reject 3.
	high_reject 3.
	grow 0.
	coefficients	8
		1.
		4.
		110.1644058227539
		1899.775268554687
		3998.84498342751
		-29.00946339792853
		-0.8437391301357211
		0.004948424155534603

