# Tue 22:30:57 07-Sep-2021
begin	identify iazcomp.0002 - Ap 2
	id	iazcomp.0002
	task	identify
	image	iazcomp.0002 - Ap 2
	aperture	2
	aplow	900.02
	aphigh	908.84
	units	Angstroms
	features	29
	         25.36 4075.50149   4075.503   4.0 1 1 
	         82.59 4073.85966  4073.8563   4.0 1 1 
	        133.60 4072.38473  4072.3849   4.0 1 1 
	        146.65 4072.00567  4072.0047   4.0 1 1 
	        188.79 4070.77663  4070.7835   4.0 1 1 
	        242.41 4069.20176  4069.2014   4.0 1 1 
	        301.41 4067.45506  4067.4507   4.0 1 1 
	        405.65 4064.33259  4064.3315   4.0 1 1 
	        436.16 4063.40975  4063.4071   4.0 1 1 
	        572.15 4059.24819  4059.2529   4.0 1 1 
	        754.95 4053.52788  4053.5277   4.0 1 1 
	        774.08 4052.92096  4052.9208   4.0 1 1 
	        867.23 4049.94271  4049.9447   4.0 1 1 
	       1036.99 4044.41798   4044.418   4.0 1 1 
	       1068.01 4043.39489  4043.3948   4.0 1 1 
	       1134.05 4041.20339  4041.2036   4.0 1 1 
	       1222.71 4038.23134  4038.2287   4.0 1 1 
	       1242.41 4037.56643  4037.5614   4.0 1 1 
	       1272.02 4036.56385  4036.5652   4.0 1 1 AI(4)
	       1287.24 4036.04679  4036.0479   4.0 1 1 
	       1304.54 4035.45828    4035.46   4.0 1 1 
	       1438.91 4030.84296  4030.8424   4.0 1 1 
	       1454.79  4030.2923  4030.2925   4.0 1 1 
	       1548.91 4027.00771  4027.0091   4.0 1 1 
	       1587.43 4025.65305  4025.6556   4.0 1 1 
	       1611.45  4024.8049  4024.8025   4.0 1 1 
	       1770.52 4019.12876  4019.1289   4.0 1 1 
	       1892.30 4014.71361  4014.7164   4.0 1 1 
	       1915.68 4013.85949  4013.8566   4.0 1 1 
	function chebyshev
	order 5
	sample *
	naverage 1
	niterate 2000
	low_reject 3.
	high_reject 3.
	grow 0.
	coefficients	9
		1.
		5.
		25.35894775390625
		1915.675170898438
		4045.635810078058
		-30.82437918841415
		-0.9578340245577267
		0.003378983861765589
		0.002516125274782698

# Fri 10:18:21 11-Mar-2022
begin	identify iazcomp.0002 - Ap 2
	id	iazcomp.0002
	task	identify
	image	iazcomp.0002 - Ap 2
	aperture	2
	aplow	900.02
	aphigh	908.84
	units	Angstroms
	features	21
	        132.01 4072.46696  4072.3849   4.0 1 1 
	        192.26 4070.71117  4070.7835   4.0 1 1 
	        245.90 4069.13485  4069.2014   4.0 1 1 
	        302.01 4067.47321  4067.4507   4.0 1 1 
	        436.80 4063.42639  4063.4071   4.0 1 1 
	        572.75 4059.26551  4059.2529   4.0 1 1 
	        759.63 4053.41576  4053.5277   4.0 1 1 
	        865.63 4050.03032  4049.9447   4.0 1 1 
	       1036.81 4044.45986   4044.418   4.0 1 1 
	       1068.85 4043.40325  4043.3948   4.0 1 1 
	       1245.48 4037.49865  4037.5614   4.0 1 1 
	       1273.02 4036.56569  4036.5652   4.0 1 1 
	       1290.30 4035.97898  4036.0479   4.0 1 1 
	       1306.42 4035.43044    4035.46   4.0 1 1 
	       1440.67  4030.8181  4030.8424   4.0 1 1 
	       1454.33 4030.34441  4030.2925   4.0 1 1 
	       1549.53 4027.02217  4027.0091   4.0 1 1 
	       1589.31 4025.62287  4025.6556   4.0 1 1 
	       1609.63 4024.90512  4024.8025   4.0 1 1 AI(4)
	       1772.36 4019.09874  4019.1289   4.0 1 1 
	       1891.61 4014.77513  4014.7164   4.0 1 1 
	shift	0.03607532710128951
	function chebyshev
	order 5
	sample *
	naverage 1
	niterate 2000
	low_reject 3.
	high_reject 3.
	grow 0.
	coefficients	9
		1.
		5.
		25.35894775390629
		1915.675170898441
		4045.635810078063
		-30.8243791884142
		-0.9578340245577284
		0.003378983861765595
		0.002516125274782702

# Fri 10:38:48 11-Mar-2022
begin	identify iazcomp.0002 - Ap 2
	id	iazcomp.0002
	task	identify
	image	iazcomp.0002 - Ap 2
	aperture	2
	aplow	900.02
	aphigh	908.84
	units	Angstroms
	features	41
	         11.04 4075.49896   4075.503   4.0 1 1 
	        118.95 4072.38614  4072.3849   4.0 1 1 
	        192.26 4070.24531  4070.2383   4.0 1 1 
	        218.94  4069.4607  4069.4612   4.0 1 1 
	        227.67 4069.20343  4069.2014   4.0 1 1 
	        286.86 4067.45024  4067.4507   4.0 1 1 
	        391.09 4064.32809  4064.3315   4.0 1 1 
	        557.55 4059.24757  4059.2529   4.0 1 1 
	        708.91 4054.52479  4054.5258   4.0 1 1 
	        715.76 4054.30871  4054.3017   4.0 1 1 
	        740.48 4053.52732  4053.5277   4.0 1 1 
	        759.61 4052.92081  4052.9208   4.0 1 1 
	        804.15 4051.50242  4051.4991   4.0 1 1 
	        823.41 4050.88639  4050.8872   4.0 1 1 
	        852.78 4049.94367  4049.9447   4.0 1 1 
	        865.63 4049.53043  4049.5361   4.0 1 1 
	        928.97 4047.48138  4047.4815   4.0 1 1 
	        975.54 4045.96383  4045.9654   4.0 1 1 
	        998.26 4045.21995  4045.2268   4.0 1 1 
	       1007.28 4044.92409  4044.9269   4.0 1 1 
	       1022.64 4044.41925   4044.418   4.0 1 1 
	       1053.71 4043.39534  4043.3948   4.0 1 1 
	       1068.85 4042.89463  4042.8937   4.0 1 1 
	       1119.68 4041.20697  4041.2036   4.0 1 1 
	       1159.78 4039.86742  4039.8648   4.0 1 1 
	       1191.40 4038.80633  4038.8043   4.0 1 1 
	       1208.37  4038.2354  4038.2287   4.0 1 1 
	       1228.15  4037.5679  4037.5614   4.0 1 1 
	       1257.79  4036.5648  4036.5652   4.0 1 1 
	       1273.02 4036.04762  4036.0479   4.0 1 1 
	       1290.30 4035.46011    4035.46   4.0 1 1 
	       1325.96 4034.24331  4034.2461   4.0 1 1 
	       1424.78   4030.843  4030.8424   4.0 1 1 
	       1440.67 4030.29244  4030.2925   4.0 1 1 
	       1454.33 4029.81816  4029.8256   4.0 1 1 
	       1534.81 4027.00876  4027.0091   4.0 1 1 
	       1573.47  4025.6499  4025.6556   4.0 1 1 
	       1597.38 4024.80636  4024.8025   4.0 1 1 
	       1756.57 4019.13164  4019.1289   4.0 1 1 
	       1878.75 4014.70908  4014.7164   4.0 1 1 
	       1901.95 4013.86306  4013.8566   4.0 1 1 
	function chebyshev
	order 5
	sample *
	naverage 1
	niterate 2000
	low_reject 3.
	high_reject 3.
	grow 0.
	coefficients	9
		1.
		5.
		11.04428100585938
		1901.947143554688
		4045.628022245498
		-30.82021062096972
		-0.9522674445759082
		0.002263382710397506
		0.005256369877129101

# Tue 15:05:00 29-Mar-2022
begin	identify iazcomp.0002 - Ap 2
	id	iazcomp.0002
	task	identify
	image	iazcomp.0002 - Ap 2
	aperture	2
	aplow	900.02
	aphigh	908.84
	units	Angstroms
	features	40
	        119.73 4072.38399  4072.3849   4.0 1 1 
	        193.24 4070.23768  4070.2383   4.0 1 1 
	        219.65 4069.46098  4069.4612   4.0 1 1 
	        228.45 4069.20175  4069.2014   4.0 1 1 
	        287.52 4067.45249  4067.4507   4.0 1 1 
	        391.69 4064.33216  4064.3315   4.0 1 1 
	        558.07 4059.25372  4059.2529   4.0 1 1 
	        709.65 4054.52376  4054.5258   4.0 1 1 
	        716.53 4054.30659  4054.3017   4.0 1 1 
	        741.17 4053.52787  4053.5277   4.0 1 1 
	        760.29 4052.92156  4052.9208   4.0 1 1 
	        805.18 4051.49169  4051.4991   4.0 1 1 
	        824.04 4050.88841  4050.8872   4.0 1 1 
	        853.46 4049.94415  4049.9447   4.0 1 1 
	        866.28 4049.53159  4049.5361   4.0 1 1 
	        929.43  4047.4887  4047.4815   4.0 1 1 
	        976.14 4045.96644  4045.9654   4.0 1 1 
	        998.99 4045.21845  4045.2268   4.0 1 1 
	       1008.09 4044.91995  4044.9269   4.0 1 1 
	       1023.32 4044.41943   4044.418   4.0 1 1 
	       1054.37 4043.39576  4043.3948   4.0 1 1 
	       1069.51 4042.89536  4042.8937   4.0 1 1 
	       1120.38 4041.20596  4041.2036   4.0 1 1 
	       1160.43 4039.86831  4039.8648   4.0 1 1 
	       1192.06 4038.80674  4038.8043   4.0 1 1 
	       1209.11 4038.23282  4038.2287   4.0 1 1 
	       1228.94 4037.56373  4037.5614   4.0 1 1 
	       1258.46 4036.56449  4036.5652   4.0 1 1 
	       1273.68 4036.04797  4036.0479   4.0 1 1 
	       1290.95 4035.46071    4035.46   4.0 1 1 
	       1326.55 4034.24564  4034.2461   4.0 1 1 
	       1425.44 4030.84294  4030.8424   4.0 1 1 
	       1441.28   4030.294  4030.2925   4.0 1 1 
	       1454.99 4029.81783  4029.8256   4.0 1 1 
	       1535.48 4027.00769  4027.0091   4.0 1 1 
	       1574.02 4025.65275  4025.6556   4.0 1 1 
	       1598.04 4024.80534  4024.8025   4.0 1 1 
	       1757.17 4019.13096  4019.1289   4.0 1 1 
	       1879.16 4014.71281  4014.7164   4.0 1 1 
	       1902.54 4013.85953  4013.8566   4.0 1 1 
	function chebyshev
	order 5
	sample *
	naverage 1
	niterate 2000
	low_reject 3.
	high_reject 3.
	grow 0.
	coefficients	9
		1.
		5.
		119.7269058227539
		1902.541015625
		4043.967282849443
		-29.26570355301214
		-0.8490870299830132
		0.00347354808035844
		0.003563376373498695

# Mon 11:29:21 30-Jan-2023
begin	identify iazcomp.0002 - Ap 2
	id	iazcomp.0002
	task	identify
	image	iazcomp.0002 - Ap 2
	aperture	2
	aplow	900.02
	aphigh	908.84
	units	Angstroms
	features	43
	         15.40  4075.5016   4075.503   4.0 1 1 
	        123.66 4072.38244  4072.3849   4.0 1 1 
	        136.71 4072.00301  4071.9967   4.0 1 1 
	        197.10 4070.23948  4070.2383   4.0 1 1 
	        223.69 4069.45832  4069.4612   4.0 1 1 
	        232.42 4069.20098  4069.2014   4.0 1 1 
	        291.59 4067.44993  4067.4507   4.0 1 1 
	        395.72 4064.33272  4064.3315   4.0 1 1 
	        426.37 4063.40655  4063.4071   4.0 1 1 
	        562.22 4059.25288  4059.2529   4.0 1 1 
	        713.75 4054.52586  4054.5258   4.0 1 1 
	        713.75 4054.52581  4054.5258   4.0 1 1 
	        745.33 4053.52791  4053.5277   4.0 1 1 
	        764.46 4052.92153  4052.9208   4.0 1 1 
	        809.22 4051.49614  4051.4991   4.0 1 1 
	        828.25 4050.88755  4050.8872   4.0 1 1 
	        857.63 4049.94459  4049.9447   4.0 1 1 
	        870.36  4049.5351  4049.5361   4.0 1 1 
	        933.72 4047.48556  4047.4815   4.0 1 1 
	        980.40 4045.96422  4045.9654   4.0 1 1 
	       1003.09 4045.22146  4045.2268   4.0 1 1 
	       1027.53 4044.41875   4044.418   4.0 1 1 
	       1058.56 4043.39586  4043.3948   4.0 1 1 
	       1073.72 4042.89464  4042.8937   4.0 1 1 
	       1124.63 4041.20404  4041.2036   4.0 1 1 
	       1164.67 4039.86669  4039.8648   4.0 1 1 
	       1196.20  4038.8088  4038.8043   4.0 1 1 
	       1213.36 4038.23087  4038.2287   4.0 1 1 
	       1233.15 4037.56319  4037.5614   4.0 1 1 
	       1262.72 4036.56243  4036.5652   4.0 1 1 
	       1277.92 4036.04676  4036.0479   4.0 1 1 
	       1295.26 4035.45681    4035.46   4.0 1 1 
	       1330.76 4034.24538  4034.2461   4.0 1 1 
	       1429.69 4030.84191  4030.8424   4.0 1 1 
	       1445.60 4030.29093  4030.2925   4.0 1 1 
	       1539.81 4027.00559  4027.0091   4.0 1 1 
	       1578.25 4025.65493  4025.6556   4.0 1 1 
	       1602.40 4024.80349  4024.8025   4.0 1 1 
	       1643.61 4023.34466  4023.3378   4.0 1 1 
	       1761.70 4019.12827  4019.1289   4.0 1 1 
	       1883.82   4014.712  4014.7164   4.0 1 1 
	       1907.30  4013.8565  4013.8566   4.0 1 1 
	       1944.48 4012.49796  4012.4952   4.0 1 1 
	function chebyshev
	order 5
	sample *
	naverage 1
	niterate 2000
	low_reject 3.
	high_reject 3.
	grow 0.
	coefficients	9
		1.
		5.
		15.40331172943115
		1944.476928710937
		4044.983477268135
		-31.50856660264723
		-0.9897540985700781
		0.006744893647279754
		0.006059925725851805

# Mon 13:56:25 06-Feb-2023
begin	identify iazcomp.0002 - Ap 2
	id	iazcomp.0002
	task	identify
	image	iazcomp.0002 - Ap 2
	aperture	2
	aplow	900.02
	aphigh	908.84
	units	Angstroms
	features	43
	         14.77 4075.49886   4075.503   4.0 1 1 
	        122.90 4072.38291  4072.3849   4.0 1 1 
	        135.93  4072.0043  4071.9967   4.0 1 1 
	        196.35  4070.2393  4070.2383   4.0 1 1 
	        222.78 4069.46244  4069.4612   4.0 1 1 
	        231.68 4069.20018  4069.2014   4.0 1 1 
	        290.79 4067.45014  4067.4507   4.0 1 1 
	        394.90 4064.33251  4064.3315   4.0 1 1 
	        425.52 4063.40686  4063.4071   4.0 1 1 
	        561.35  4059.2524  4059.2529   4.0 1 1 
	        712.83 4054.52531  4054.5258   4.0 1 1 
	        712.83 4054.52531  4054.5258   4.0 1 1 
	        744.39 4053.52797  4053.5277   4.0 1 1 
	        763.52 4052.92144  4052.9208   4.0 1 1 
	        808.27 4051.49598  4051.4991   4.0 1 1 
	        827.29  4050.8875  4050.8872   4.0 1 1 
	        856.68 4049.94414  4049.9447   4.0 1 1 
	        869.54 4049.53033  4049.5361   4.0 1 1 
	        932.77 4047.48462  4047.4815   4.0 1 1 
	        979.40 4045.96493  4045.9654   4.0 1 1 
	       1002.23 4045.21733  4045.2268   4.0 1 1 
	       1026.51 4044.41976   4044.418   4.0 1 1 
	       1057.56 4043.39618  4043.3948   4.0 1 1 
	       1072.73 4042.89479  4042.8937   4.0 1 1 
	       1123.61 4041.20501  4041.2036   4.0 1 1 
	       1163.67 4039.86688  4039.8648   4.0 1 1 
	       1195.16 4038.81019  4038.8043   4.0 1 1 
	       1212.31 4038.23289  4038.2287   4.0 1 1 
	       1232.01 4037.56808  4037.5614   4.0 1 1 
	       1261.65 4036.56463  4036.5652   4.0 1 1 
	       1276.88 4036.04781  4036.0479   4.0 1 1 
	       1294.21 4035.45827    4035.46   4.0 1 1 
	       1329.79 4034.24401  4034.2461   4.0 1 1 
	       1428.62 4030.84311  4030.8424   4.0 1 1 
	       1444.55 4030.29124  4030.2925   4.0 1 1 
	       1538.72 4027.00614  4027.0091   4.0 1 1 
	       1577.38 4025.64706  4025.6556   4.0 1 1 
	       1601.27 4024.80409  4024.8025   4.0 1 1 
	       1642.57 4023.34121  4023.3378   4.0 1 1 
	       1760.44  4019.1287  4019.1289   4.0 1 1 
	       1882.33 4014.71501  4014.7164   4.0 1 1 
	       1905.81 4013.85798  4013.8566   4.0 1 1 
	       1943.01  4012.4963  4012.4952   4.0 1 1 
	function chebyshev
	order 5
	sample *
	naverage 1
	niterate 2000
	low_reject 3.
	high_reject 3.
	grow 0.
	coefficients	9
		1.
		5.
		14.76625633239746
		1943.010498046875
		4044.984984398452
		-31.50549780458872
		-0.9920193981775551
		0.004216179390899345
		0.004616918152054289

