# Tue 22:41:23 07-Sep-2021
begin	identify iazcomp.0020 - Ap 20
	id	iazcomp.0020
	task	identify
	image	iazcomp.0020 - Ap 20
	aperture	20
	aplow	1245.04
	aphigh	1254.39
	units	Angstroms
	features	34
	         43.42 5122.49861  5122.4995   4.0 1 1 
	        247.49 5115.04531  5115.0448   4.0 1 1 
	        348.30 5111.27872  5111.2781   4.0 1 1 
	        389.18 5109.73559  5109.7331   4.0 1 1 
	        612.82 5101.12961  5101.1299   4.0 1 1 
	        625.89 5100.61802  5100.6211   4.0 1 1 
	        691.35 5098.04244  5098.0432   4.0 1 1 
	        730.67 5096.48373  5096.4848   4.0 1 1 
	        766.29 5095.06458  5095.0639   4.0 1 1 
	        890.67 5090.05398  5090.0513   4.0 1 1 
	        985.51 5086.17616  5086.1774   4.0 1 1 
	       1099.62 5081.44519  5081.4462   4.0 1 1 
	       1241.45 5075.46579  5075.4659   4.0 1 1 
	       1260.69 5074.64589  5074.6465   4.0 1 1 
	       1415.57 5067.97454  5067.9737   4.0 1 1 
	       1434.81 5067.13682  5067.1379   4.0 1 1 
	       1442.99 5066.78005  5066.7773   4.0 1 1 
	       1457.72 5066.13674  5066.1355   4.0 1 1 
	       1492.72 5064.60299   5064.602   4.0 1 1 
	       1517.43 5063.51643  5063.5157   4.0 1 1 
	       1530.71 5062.93087  5062.9325   4.0 1 1 
	       1550.92   5062.038  5062.0371   4.0 1 1 
	       1559.53 5061.65725  5061.6562   4.0 1 1 
	       1642.08 5057.98437  5057.9866   4.0 1 1 
	       1777.33 5051.88755  5051.8887   4.0 1 1 
	       1801.60 5050.78294  5050.7842   4.0 1 1 
	       1823.20 5049.79727   5049.796   4.0 1 1 
	       1883.29 5047.04275  5047.0434   4.0 1 1 
	       1892.14 5046.63559  5046.6372   4.0 1 1 
	       1922.24 5045.24711  5045.2481   4.0 1 1 
	       1933.61 5044.72119  5044.7195   4.0 1 1 
	       1959.68 5043.51334  5043.5145   4.0 1 1 
	       2000.80  5041.6004  5041.5998   4.0 1 1 
	       2011.01 5041.12417  5041.1224   4.0 1 1 
	function chebyshev
	order 5
	sample *
	naverage 1
	niterate 2000
	low_reject 3.
	high_reject 3.
	grow 0.
	coefficients	9
		1.
		5.
		43.41966247558594
		2011.013427734375
		5083.132206723693
		-40.69185014837641
		-1.322028951191918
		0.004629524787790014
		0.001214757186626107

# Fri 10:55:30 11-Mar-2022
begin	identify iazcomp.0020 - Ap 20
	id	iazcomp.0020
	task	identify
	image	iazcomp.0020 - Ap 20
	aperture	20
	aplow	1245.04
	aphigh	1254.39
	units	Angstroms
	features	41
	         27.81 5122.49908  5122.4995   4.0 1 1 
	        231.99 5115.04426  5115.0448   4.0 1 1 
	        332.86  5111.2772  5111.2781   4.0 1 1 
	        373.66 5109.73765  5109.7331   4.0 1 1 
	        597.49 5101.12919  5101.1299   4.0 1 1 
	        610.56 5100.61779  5100.6211   4.0 1 1 
	        676.03 5098.04309  5098.0432   4.0 1 1 
	        715.39 5096.48387  5096.4848   4.0 1 1 
	        751.03 5095.06479  5095.0639   4.0 1 1 
	        875.44 5090.05581  5090.0513   4.0 1 1 
	        896.07 5089.21704  5089.2192   4.0 1 1 
	        970.30 5086.17949  5086.1774   4.0 1 1 
	        999.16  5084.9903  5084.9935   4.0 1 1 
	       1084.55 5081.44516  5081.4462   4.0 1 1 
	       1226.43 5075.46689  5075.4659   4.0 1 1 
	       1245.72 5074.64551  5074.6465   4.0 1 1 
	       1369.35 5069.33382  5069.3384   4.0 1 1 
	       1400.68 5067.97448  5067.9737   4.0 1 1 
	       1419.91  5067.1374  5067.1379   4.0 1 1 
	       1428.10 5066.78048  5066.7773   4.0 1 1 
	       1442.83 5066.13712  5066.1355   4.0 1 1 
	       1470.04 5064.94634  5064.9454   4.0 1 1 
	       1477.86 5064.60324   5064.602   4.0 1 1 
	       1502.57 5063.51732  5063.5157   4.0 1 1 
	       1515.88 5062.93074  5062.9325   4.0 1 1 
	       1536.10 5062.03802  5062.0371   4.0 1 1 
	       1544.64 5061.66024  5061.6562   4.0 1 1 
	       1585.21 5059.86104  5059.8611   4.0 1 1 
	       1627.30 5057.98465  5057.9866   4.0 1 1 
	       1686.21 5055.34252  5055.3473   4.0 1 1 
	       1762.63 5051.88767  5051.8887   4.0 1 1 
	       1786.92 5050.78317  5050.7842   4.0 1 1 
	       1808.53 5049.79772   5049.796   4.0 1 1 
	       1868.65 5047.04325  5047.0434   4.0 1 1 
	       1877.50 5046.63644  5046.6372   4.0 1 1 
	       1883.62 5046.35439  5046.3527   4.0 1 1 
	       1907.61 5045.24814  5045.2481   4.0 1 1 
	       1919.03 5044.72063  5044.7195   4.0 1 1 
	       1945.14 5043.51122  5043.5145   4.0 1 1 
	       1986.27 5041.59952  5041.5998   4.0 1 1 
	       1996.45 5041.12489  5041.1224   4.0 1 1 
	function chebyshev
	order 5
	sample *
	naverage 1
	niterate 2000
	low_reject 3.
	high_reject 3.
	grow 0.
	coefficients	9
		1.
		5.
		27.80712890625
		1996.450561523438
		5083.131731027615
		-40.69152106019085
		-1.321188633049837
		0.004426251659065753
		0.001442004003291587

# Tue 15:08:39 29-Mar-2022
begin	identify iazcomp.0020 - Ap 20
	id	iazcomp.0020
	task	identify
	image	iazcomp.0020 - Ap 20
	aperture	20
	aplow	1245.04
	aphigh	1254.39
	units	Angstroms
	features	41
	         28.56  5122.4989  5122.4995   4.0 1 1 
	        232.68 5115.04552  5115.0448   4.0 1 1 
	        333.54  5111.2781  5111.2781   4.0 1 1 
	        374.43 5109.73493  5109.7331   4.0 1 1 
	        598.15 5101.12886  5101.1299   4.0 1 1 
	        611.20 5100.61857  5100.6211   4.0 1 1 
	        676.68 5098.04298  5098.0432   4.0 1 1 
	        716.02 5096.48404  5096.4848   4.0 1 1 
	        751.67 5095.06419  5095.0639   4.0 1 1 
	        876.05 5090.05568  5090.0513   4.0 1 1 
	        896.64 5089.21837  5089.2192   4.0 1 1 
	        970.88  5086.1798  5086.1774   4.0 1 1 
	        999.74 5084.99057  5084.9935   4.0 1 1 
	       1085.14 5081.44489  5081.4462   4.0 1 1 
	       1226.99 5075.46704  5075.4659   4.0 1 1 
	       1246.28 5074.64546  5074.6465   4.0 1 1 
	       1369.90 5069.33365  5069.3384   4.0 1 1 
	       1401.23 5067.97439  5067.9737   4.0 1 1 
	       1420.46 5067.13765  5067.1379   4.0 1 1 
	       1428.66 5066.78003  5066.7773   4.0 1 1 
	       1443.40 5066.13639  5066.1355   4.0 1 1 
	       1470.58 5064.94669  5064.9454   4.0 1 1 
	       1478.41 5064.60297   5064.602   4.0 1 1 
	       1503.13  5063.5165  5063.5157   4.0 1 1 
	       1516.43 5062.93062  5062.9325   4.0 1 1 
	       1536.64 5062.03844  5062.0371   4.0 1 1 
	       1545.21  5061.6591  5061.6562   4.0 1 1 
	       1585.72 5059.86218  5059.8611   4.0 1 1 
	       1627.84 5057.98457  5057.9866   4.0 1 1 
	       1686.73 5055.34338  5055.3473   4.0 1 1 
	       1763.17  5051.8876  5051.8887   4.0 1 1 
	       1787.45 5050.78332  5050.7842   4.0 1 1 
	       1809.08 5049.79722   5049.796   4.0 1 1 
	       1869.19 5047.04289  5047.0434   4.0 1 1 
	       1878.03  5046.6366  5046.6372   4.0 1 1 
	       1884.13 5046.35566  5046.3527   4.0 1 1 
	       1908.16 5045.24726  5045.2481   4.0 1 1 
	       1919.54 5044.72137  5044.7195   4.0 1 1 
	       1945.65 5043.51254  5043.5145   4.0 1 1 
	       1986.84 5041.59792  5041.5998   4.0 1 1 
	       1996.99 5041.12473  5041.1224   4.0 1 1 
	function chebyshev
	order 5
	sample *
	naverage 1
	niterate 2000
	low_reject 3.
	high_reject 3.
	grow 0.
	coefficients	9
		1.
		5.
		28.55602645874024
		1996.987060546875
		5083.13073431317
		-40.69186532956918
		-1.320199917803956
		0.004779714804542765
		0.001281500446714357

# Mon 11:35:19 30-Jan-2023
begin	identify iazcomp.0020 - Ap 20
	id	iazcomp.0020
	task	identify
	image	iazcomp.0020 - Ap 20
	aperture	20
	aplow	1245.04
	aphigh	1254.39
	units	Angstroms
	features	42
	         32.78 5122.50043  5122.4995   4.0 1 1 
	        176.17 5117.28904  5117.2923   4.0 1 1 
	        236.94  5115.0461  5115.0448   4.0 1 1 
	        337.83 5111.27837  5111.2781   4.0 1 1 
	        378.75  5109.7346  5109.7331   4.0 1 1 
	        602.48 5101.13026  5101.1299   4.0 1 1 
	        615.56 5100.61877  5100.6211   4.0 1 1 
	        681.04 5098.04365  5098.0432   4.0 1 1 
	        720.39 5096.48512  5096.4848   4.0 1 1 
	        756.06 5095.06497  5095.0639   4.0 1 1 
	        880.48 5090.05637  5090.0513   4.0 1 1 
	        901.18 5089.21478  5089.2192   4.0 1 1 
	        975.40 5086.17784  5086.1774   4.0 1 1 
	       1004.21 5084.99123  5084.9935   4.0 1 1 
	       1089.61 5081.44621  5081.4462   4.0 1 1 
	       1231.56 5075.46598  5075.4659   4.0 1 1 
	       1250.82 5074.64582  5074.6465   4.0 1 1 
	       1374.46 5069.33453  5069.3384   4.0 1 1 
	       1405.81 5067.97456  5067.9737   4.0 1 1 
	       1425.05 5067.13715  5067.1379   4.0 1 1 
	       1433.25 5066.77985  5066.7773   4.0 1 1 
	       1447.98 5066.13663  5066.1355   4.0 1 1 
	       1475.18 5064.94623  5064.9454   4.0 1 1 
	       1483.01 5064.60289   5064.602   4.0 1 1 
	       1507.72 5063.51663  5063.5157   4.0 1 1 
	       1521.00 5062.93185  5062.9325   4.0 1 1 
	       1541.24 5062.03824  5062.0371   4.0 1 1 
	       1549.83 5061.65845  5061.6562   4.0 1 1 
	       1590.34 5059.86158  5059.8611   4.0 1 1 
	       1632.44 5057.98501  5057.9866   4.0 1 1 
	       1691.35 5055.34296  5055.3473   4.0 1 1 
	       1767.76 5051.88868  5051.8887   4.0 1 1 
	       1792.07 5050.78321  5050.7842   4.0 1 1 
	       1813.67 5049.79817   5049.796   4.0 1 1 
	       1873.78 5047.04379  5047.0434   4.0 1 1 
	       1882.63 5046.63677  5046.6372   4.0 1 1 
	       1888.80 5046.35295  5046.3527   4.0 1 1 
	       1912.76 5045.24768  5045.2481   4.0 1 1 
	       1924.17 5044.72058  5044.7195   4.0 1 1 
	       1950.23 5043.51328  5043.5145   4.0 1 1 
	       1991.42 5041.59845  5041.5998   4.0 1 1 
	       2001.59 5041.12424  5041.1224   4.0 1 1 
	function chebyshev
	order 5
	sample *
	naverage 1
	niterate 2000
	low_reject 3.
	high_reject 3.
	grow 0.
	coefficients	9
		1.
		5.
		32.78433609008789
		2001.58935546875
		5083.132438382867
		-40.69148332411258
		-1.321345741822219
		0.003390140938793694
		0.001240896849336334

# Mon 13:57:09 06-Feb-2023
begin	identify iazcomp.0020 - Ap 20
	id	iazcomp.0020
	task	identify
	image	iazcomp.0020 - Ap 20
	aperture	20
	aplow	1245.04
	aphigh	1254.39
	units	Angstroms
	features	42
	         31.89 5122.50031  5122.4995   4.0 1 1 
	        175.26 5117.28827  5117.2923   4.0 1 1 
	        236.01 5115.04597  5115.0448   4.0 1 1 
	        336.87 5111.27811  5111.2781   4.0 1 1 
	        377.68 5109.73788  5109.7331   4.0 1 1 
	        601.42 5101.13014  5101.1299   4.0 1 1 
	        614.52 5100.61778  5100.6211   4.0 1 1 
	        679.98 5098.04271  5098.0432   4.0 1 1 
	        719.32 5096.48388  5096.4848   4.0 1 1 
	        754.95 5095.06477  5095.0639   4.0 1 1 
	        879.37 5090.05411  5090.0513   4.0 1 1 
	        899.94 5089.21737  5089.2192   4.0 1 1 
	        974.17 5086.17949  5086.1774   4.0 1 1 
	       1003.00 5084.99115  5084.9935   4.0 1 1 
	       1088.41 5081.44483  5081.4462   4.0 1 1 
	       1230.25 5075.46696  5075.4659   4.0 1 1 
	       1249.54 5074.64569  5074.6465   4.0 1 1 
	       1373.14 5069.33442  5069.3384   4.0 1 1 
	       1404.48 5067.97467  5067.9737   4.0 1 1 
	       1423.71 5067.13739  5067.1379   4.0 1 1 
	       1431.92 5066.77957  5066.7773   4.0 1 1 
	       1446.63 5066.13709  5066.1355   4.0 1 1 
	       1473.82 5064.94682  5064.9454   4.0 1 1 
	       1481.66 5064.60307   5064.602   4.0 1 1 
	       1506.37 5063.51691  5063.5157   4.0 1 1 
	       1519.63 5062.93236  5062.9325   4.0 1 1 
	       1539.88 5062.03847  5062.0371   4.0 1 1 
	       1548.48 5061.65803  5061.6562   4.0 1 1 
	       1588.98 5059.86153  5059.8611   4.0 1 1 
	       1631.09 5057.98401  5057.9866   4.0 1 1 
	       1689.98 5055.34256  5055.3473   4.0 1 1 
	       1766.39 5051.88766  5051.8887   4.0 1 1 
	       1790.67 5050.78379  5050.7842   4.0 1 1 
	       1812.28 5049.79795   5049.796   4.0 1 1 
	       1872.39 5047.04374  5047.0434   4.0 1 1 
	       1881.27 5046.63523  5046.6372   4.0 1 1 
	       1887.40 5046.35325  5046.3527   4.0 1 1 
	       1911.37 5045.24756  5045.2481   4.0 1 1 
	       1922.74 5044.72192  5044.7195   4.0 1 1 
	       1948.83 5043.51386  5043.5145   4.0 1 1 
	       1990.02 5041.59888  5041.5998   4.0 1 1 
	       2000.21 5041.12373  5041.1224   4.0 1 1 
	function chebyshev
	order 5
	sample *
	naverage 1
	niterate 2000
	low_reject 3.
	high_reject 3.
	grow 0.
	coefficients	9
		1.
		5.
		31.88997459411621
		2000.208129882812
		5083.130804399191
		-40.6927366794611
		-1.320017114006958
		0.004443263144095219
		0.001233558617478955

