# Tue 22:47:27 07-Sep-2021
begin	identify iazcomp.0044 - Ap 44
	id	iazcomp.0044
	task	identify
	image	iazcomp.0044 - Ap 44
	aperture	44
	aplow	1551.42
	aphigh	1558.89
	units	Angstroms
	features	16
	        146.76 7788.93637  7788.9342   4.0 1 1 
	        264.66 7782.31074  7782.3165   4.0 1 1 
	        331.71 7778.49168  7778.4922   4.0 1 1 
	        445.02 7771.95215  7771.9468   4.0 1 1 
	        933.18 7742.56171  7742.5628   4.0 1 1 
	       1105.11 7731.74036  7731.7385   4.0 1 1 
	       1148.82 7728.95005   7728.951   4.0 1 1 
	       1379.85 7713.93835  7713.9378   4.0 1 1 
	       1403.16 7712.39865   7712.405   4.0 1 1 
	       1435.30 7710.26932  7710.2692   4.0 1 1 
	       1572.07 7701.11064  7701.1081   4.0 1 1 
	       1679.54 7693.80522  7693.8016   4.0 1 1 
	       1709.22  7691.7709  7691.7706   4.0 1 1 
	       1802.83 7685.30665  7685.3075   4.0 1 1 
	       1932.67 7676.21958  7676.2195   4.0 1 1 
	       2019.62 7670.05642  7670.0575   4.0 1 1 
	function chebyshev
	order 4
	sample *
	naverage 1
	niterate 2000
	low_reject 3.
	high_reject 3.
	grow 0.
	coefficients	8
		1.
		4.
		146.7638244628906
		2019.619750976562
		7731.314889899525
		-59.43984570451134
		-1.81849521593453
		-1.319592645891781E-4

# Fri 11:11:56 11-Mar-2022
begin	identify iazcomp.0044 - Ap 44
	id	iazcomp.0044
	task	identify
	image	iazcomp.0044 - Ap 44
	aperture	44
	aplow	1551.42
	aphigh	1558.89
	units	Angstroms
	features	21
	        130.52 7788.93407  7788.9342   4.0 1 1 
	        248.36 7782.31117  7782.3165   4.0 1 1 
	        315.31 7778.49742  7778.4922   4.0 1 1 
	        428.82 7771.94781  7771.9468   4.0 1 1 
	        894.59 7743.96084  7743.9552   4.0 1 1 
	       1089.26 7731.73302  7731.7385   4.0 1 1 
	       1132.97 7728.94424   7728.951   4.0 1 1 
	       1252.99 7721.20675  7721.2023   4.0 1 1 
	       1364.06 7713.93943  7713.9378   4.0 1 1 
	       1387.36 7712.40181   7712.405   4.0 1 1 
	       1419.58 7710.26858  7710.2692   4.0 1 1 
	       1556.41 7701.11195  7701.1081   4.0 1 1 
	       1576.21 7699.77453  7699.7794   4.0 1 1 
	       1581.65 7699.40651  7699.4034   4.0 1 1 
	       1664.04 7693.80138  7693.8016   4.0 1 1 
	       1693.69 7691.77027  7691.7706   4.0 1 1 
	       1787.33 7685.30825  7685.3075   4.0 1 1 
	       1820.19 7683.02311  7683.0189   4.0 1 1 
	       1917.27 7676.22023  7676.2195   4.0 1 1 
	       2004.29 7670.05596  7670.0575   4.0 1 1 
	       2019.69 7668.95868  7668.9608   4.0 1 1 
	function chebyshev
	order 4
	sample *
	naverage 1
	niterate 2000
	low_reject 3.
	high_reject 3.
	grow 0.
	coefficients	8
		1.
		4.
		130.5168762207031
		2019.688598632812
		7730.789625602796
		-59.98581122082402
		-1.843249932426307
		-0.00188001843516671

# Tue 15:32:39 29-Mar-2022
begin	identify iazcomp.0044 - Ap 44
	id	iazcomp.0044
	task	identify
	image	iazcomp.0044 - Ap 44
	aperture	44
	aplow	1551.42
	aphigh	1558.89
	units	Angstroms
	features	21
	        131.20  7788.9352  7788.9342   4.0 1 1 
	        248.99 7782.31443  7782.3165   4.0 1 1 
	        316.12 7778.49063  7778.4922   4.0 1 1 
	        429.47 7771.94897  7771.9468   4.0 1 1 
	        895.18 7743.96362  7743.9552   4.0 1 1 
	       1089.92 7731.73075  7731.7385   4.0 1 1 
	       1133.58 7728.94523   7728.951   4.0 1 1 
	       1253.56 7721.20923  7721.2023   4.0 1 1 
	       1364.67 7713.93835  7713.9378   4.0 1 1 
	       1387.98 7712.40017   7712.405   4.0 1 1 
	       1420.18  7710.2683  7710.2692   4.0 1 1 
	       1556.99  7701.1128  7701.1081   4.0 1 1 
	       1576.86 7699.77023  7699.7794   4.0 1 1 
	       1582.23 7699.40684  7699.4034   4.0 1 1 
	       1664.57 7693.80415  7693.8016   4.0 1 1 
	       1694.23 7691.77239  7691.7706   4.0 1 1 
	       1787.90 7685.30782  7685.3075   4.0 1 1 
	       1820.78 7683.02072  7683.0189   4.0 1 1 
	       1917.80 7676.22165  7676.2195   4.0 1 1 
	       2004.82 7670.05621  7670.0575   4.0 1 1 
	       2020.23 7668.95828  7668.9608   4.0 1 1 
	function chebyshev
	order 4
	sample *
	naverage 1
	niterate 2000
	low_reject 3.
	high_reject 3.
	grow 0.
	coefficients	8
		1.
		4.
		131.1988372802734
		2020.226684570313
		7730.790255436696
		-59.98631888416643
		-1.843511953353614
		-0.002142291256207566

# Mon 11:44:43 30-Jan-2023
begin	identify iazcomp.0044 - Ap 44
	id	iazcomp.0044
	task	identify
	image	iazcomp.0044 - Ap 44
	aperture	44
	aplow	1551.42
	aphigh	1558.89
	units	Angstroms
	features	21
	        135.51 7788.93499  7788.9342   4.0 1 1 
	        253.40 7782.31125  7782.3165   4.0 1 1 
	        320.45 7778.49328  7778.4922   4.0 1 1 
	        433.83  7771.9521  7771.9468   4.0 1 1 
	        899.72 7743.95918  7743.9552   4.0 1 1 
	        922.27 7742.55894  7742.5628   4.0 1 1 
	       1094.32 7731.73586  7731.7385   4.0 1 1 
	       1138.01 7728.94813   7728.951   4.0 1 1 
	       1258.10 7721.20513  7721.2023   4.0 1 1 
	       1369.16 7713.93797  7713.9378   4.0 1 1 
	       1392.46   7712.401   7712.405   4.0 1 1 
	       1424.65 7710.26892  7710.2692   4.0 1 1 
	       1561.56 7701.10749  7701.1081   4.0 1 1 
	       1586.69 7699.40927  7699.4034   4.0 1 1 
	       1669.06 7693.80545  7693.8016   4.0 1 1 
	       1698.78 7691.76977  7691.7706   4.0 1 1 
	       1792.44  7685.3062  7685.3075   4.0 1 1 
	       1825.36 7683.01745  7683.0189   4.0 1 1 
	       1922.39 7676.21931  7676.2195   4.0 1 1 
	       2009.42 7670.05467  7670.0575   4.0 1 1 
	       2024.74 7668.96305  7668.9608   4.0 1 1 
	function chebyshev
	order 4
	sample *
	naverage 1
	niterate 2000
	low_reject 3.
	high_reject 3.
	grow 0.
	coefficients	8
		1.
		4.
		135.5068359375
		2024.741943359375
		7730.793430061707
		-59.98567685661797
		-1.844411674286061
		-2.922612206127314E-4

# Mon 13:58:15 06-Feb-2023
begin	identify iazcomp.0044 - Ap 44
	id	iazcomp.0044
	task	identify
	image	iazcomp.0044 - Ap 44
	aperture	44
	aplow	1551.42
	aphigh	1558.89
	units	Angstroms
	features	21
	        134.58 7788.93233  7788.9342   4.0 1 1 
	        252.38 7782.31338  7782.3165   4.0 1 1 
	        319.41 7778.49609  7778.4922   4.0 1 1 
	        432.85 7771.95054  7771.9468   4.0 1 1 
	        898.65 7743.95834  7743.9552   4.0 1 1 
	        921.18 7742.55887  7742.5628   4.0 1 1 
	       1093.20 7731.73569  7731.7385   4.0 1 1 
	       1136.88 7728.94834   7728.951   4.0 1 1 
	       1256.95 7721.20481  7721.2023   4.0 1 1 
	       1367.95 7713.93991  7713.9378   4.0 1 1 
	       1391.30 7712.39891   7712.405   4.0 1 1 
	       1423.47 7710.26841  7710.2692   4.0 1 1 
	       1560.30 7701.10974  7701.1081   4.0 1 1 
	       1585.49 7699.40712  7699.4034   4.0 1 1 
	       1667.85 7693.80246  7693.8016   4.0 1 1 
	       1697.48 7691.77271  7691.7706   4.0 1 1 
	       1791.15 7685.30729  7685.3075   4.0 1 1 
	       1824.05 7683.01939  7683.0189   4.0 1 1 
	       1921.09 7676.21836  7676.2195   4.0 1 1 
	       2008.07 7670.05568  7670.0575   4.0 1 1 
	       2023.43 7668.96104  7668.9608   4.0 1 1 
	function chebyshev
	order 4
	sample *
	naverage 1
	niterate 2000
	low_reject 3.
	high_reject 3.
	grow 0.
	coefficients	8
		1.
		4.
		134.5771484375
		2023.433227539063
		7730.792270562185
		-59.98549470941754
		-1.845588628223615
		-1.486874355010177E-4

