# Tue 22:45:46 07-Sep-2021
begin	identify iazcomp.0036 - Ap 36
	id	iazcomp.0036
	task	identify
	image	iazcomp.0036 - Ap 36
	aperture	36
	aplow	1463.56
	aphigh	1472.14
	units	Angstroms
	features	34
	         49.00 6639.74149  6639.7403   4.0 1 1 
	         66.75 6638.91037  6638.9119   4.0 1 1 
	         81.44 6638.22065  6638.2207   4.0 1 1 
	        182.00 6633.45972  6633.4579   4.0 1 1 
	        210.81  6632.0827  6632.0837   4.0 1 1 
	        439.20 6620.96195  6620.9665   4.0 1 1 
	        459.71 6619.94566  6619.9458   4.0 1 1 
	        495.49 6618.16516  6618.1668   4.0 1 1 
	        508.36 6617.52257  6617.5154   4.0 1 1 
	        746.63 6605.41342  6605.4165   4.0 1 1 
	        757.45 6604.85435  6604.8534   4.0 1 1 
	        797.79 6602.76128   6602.762   4.0 1 1 
	        860.54 6599.48279  6599.4824   4.0 1 1 
	        875.86 6598.67796  6598.6778   4.0 1 1 
	        965.46 6593.93805  6593.9391   4.0 1 1 
	        974.33 6593.46577  6593.4628   4.0 1 1 
	       1011.45 6591.48344  6591.4845   4.0 1 1 
	       1066.18 6588.54226  6588.5396   4.0 1 1 
	       1151.69 6583.90446   6583.906   4.0 1 1 
	       1218.84 6580.22643  6580.2299   4.0 1 1 
	       1265.48 6577.65253  6577.6552   4.0 1 1 
	       1273.38 6577.21543  6577.2146   4.0 1 1 
	       1292.98 6576.12787  6576.1221   4.0 1 1 
	       1500.62 6564.44357  6564.4445   4.0 1 1 
	       1577.27 6560.05328  6560.0574   4.0 1 1 
	       1597.67 6558.87835  6558.8756   4.0 1 1 
	       1679.03 6554.16138  6554.1603   4.0 1 1 
	       1721.10 6551.70448  6551.7055   4.0 1 1 
	       1747.02  6550.1847  6550.1877   4.0 1 1 
	       1822.62 6545.72452  6545.7186   4.0 1 1 
	       1884.44 6542.04841  6542.0498   4.0 1 1 
	       1958.36 6537.61776  6537.6139   4.0 1 1 
	       1965.73  6537.1742  6537.1775   4.0 1 1 
	       1982.83 6536.14286  6536.1441   4.0 1 1 
	function chebyshev
	order 5
	sample *
	naverage 1
	niterate 2000
	low_reject 3.
	high_reject 3.
	grow 0.
	coefficients	9
		1.
		5.
		49.00178527832031
		1982.830200195313
		6589.590904303977
		-51.79997858615039
		-1.650965952720478
		6.638930994047411E-4
		0.002235981929658368

# Fri 11:03:33 11-Mar-2022
begin	identify iazcomp.0036 - Ap 36
	id	iazcomp.0036
	task	identify
	image	iazcomp.0036 - Ap 36
	aperture	36
	aplow	1463.56
	aphigh	1472.14
	units	Angstroms
	features	29
	         32.91 6639.74206  6639.7403   4.0 1 1 
	         50.67 6638.91083  6638.9119   4.0 1 1 
	         65.32  6638.2232  6638.2207   4.0 1 1 
	        166.14 6633.45275  6633.4579   4.0 1 1 
	        194.79 6632.08411  6632.0837   4.0 1 1 
	        423.26 6620.96441  6620.9665   4.0 1 1 
	        443.77 6619.94821  6619.9458   4.0 1 1 
	        479.58 6618.16689  6618.1668   4.0 1 1 
	        730.82 6605.41482  6605.4165   4.0 1 1 
	        741.63 6604.85594  6604.8534   4.0 1 1 
	        782.01 6602.76207   6602.762   4.0 1 1 
	        844.74 6599.48528  6599.4824   4.0 1 1 
	        860.10 6598.67907  6598.6778   4.0 1 1 
	        908.79 6596.11134  6596.1141   4.0 1 1 
	        949.74 6593.93927  6593.9391   4.0 1 1 
	        958.62 6593.46678  6593.4628   4.0 1 1 
	        995.76 6591.48354  6591.4845   4.0 1 1 
	       1050.60 6588.53823  6588.5396   4.0 1 1 
	       1136.03   6583.907   6583.906   4.0 1 1 
	       1203.27 6580.22586  6580.2299   4.0 1 1 
	       1249.94 6577.65183  6577.6552   4.0 1 1 
	       1257.82 6577.21554  6577.2146   4.0 1 1 
	       1485.22 6564.44206  6564.4445   4.0 1 1 
	       1582.28 6558.87959  6558.8756   4.0 1 1 
	       1663.69 6554.16368  6554.1603   4.0 1 1 
	       1705.81 6551.70518  6551.7055   4.0 1 1 
	       1731.72 6550.18741  6550.1877   4.0 1 1 
	       1869.29 6542.04801  6542.0498   4.0 1 1 
	       1967.73 6536.14406  6536.1441   4.0 1 1 
	function chebyshev
	order 5
	sample *
	naverage 1
	niterate 2000
	low_reject 3.
	high_reject 3.
	grow 0.
	coefficients	9
		1.
		5.
		32.90653610229492
		1967.733764648438
		6589.589444380397
		-51.80095574136055
		-1.648266033290363
		0.001955375066817231
		0.001877564887911599

# Tue 15:32:29 29-Mar-2022
begin	identify iazcomp.0036 - Ap 36
	id	iazcomp.0036
	task	identify
	image	iazcomp.0036 - Ap 36
	aperture	36
	aplow	1463.56
	aphigh	1472.14
	units	Angstroms
	features	29
	         33.59 6639.74109  6639.7403   4.0 1 1 
	         51.34 6638.91029  6638.9119   4.0 1 1 
	         66.02 6638.22119  6638.2207   4.0 1 1 
	        166.68 6633.45773  6633.4579   4.0 1 1 
	        195.41 6632.08516  6632.0837   4.0 1 1 
	        423.89 6620.96438  6620.9665   4.0 1 1 
	        444.41 6619.94748  6619.9458   4.0 1 1 
	        480.24 6618.16514  6618.1668   4.0 1 1 
	        731.46 6605.41378  6605.4165   4.0 1 1 
	        742.27 6604.85483  6604.8534   4.0 1 1 
	        782.62 6602.76238   6602.762   4.0 1 1 
	        845.38 6599.48414  6599.4824   4.0 1 1 
	        860.71 6598.67953  6598.6778   4.0 1 1 
	        909.39 6596.11208  6596.1141   4.0 1 1 
	        950.36 6593.93864  6593.9391   4.0 1 1 
	        959.23  6593.4666  6593.4628   4.0 1 1 
	        996.36 6591.48411  6591.4845   4.0 1 1 
	       1051.14 6588.54146  6588.5396   4.0 1 1 
	       1136.66 6583.90503   6583.906   4.0 1 1 
	       1203.84 6580.22668  6580.2299   4.0 1 1 
	       1250.51 6577.65278  6577.6552   4.0 1 1 
	       1258.41 6577.21541  6577.2146   4.0 1 1 
	       1485.78 6564.44279  6564.4445   4.0 1 1 
	       1582.85  6558.8793  6558.8756   4.0 1 1 
	       1664.25 6554.16321  6554.1603   4.0 1 1 
	       1706.37 6551.70524  6551.7055   4.0 1 1 
	       1732.32 6550.18466  6550.1877   4.0 1 1 
	       1869.81  6542.0499  6542.0498   4.0 1 1 
	       1968.29 6536.14401  6536.1441   4.0 1 1 
	function chebyshev
	order 5
	sample *
	naverage 1
	niterate 2000
	low_reject 3.
	high_reject 3.
	grow 0.
	coefficients	9
		1.
		5.
		33.58920669555664
		1968.287353515625
		6589.588558489942
		-51.80058866205656
		-1.648235826438214
		0.002047531961224648
		0.002223612290447427

# Mon 11:41:11 30-Jan-2023
begin	identify iazcomp.0036 - Ap 36
	id	iazcomp.0036
	task	identify
	image	iazcomp.0036 - Ap 36
	aperture	36
	aplow	1463.56
	aphigh	1472.14
	units	Angstroms
	features	33
	         37.91 6639.74032  6639.7403   4.0 1 1 
	         55.62 6638.91084  6638.9119   4.0 1 1 
	         70.34  6638.2203  6638.2207   4.0 1 1 
	        170.91 6633.46033  6633.4579   4.0 1 1 
	        199.72 6632.08396  6632.0837   4.0 1 1 
	        428.21 6620.96306  6620.9665   4.0 1 1 
	        448.77  6619.9448  6619.9458   4.0 1 1 
	        484.56 6618.16466  6618.1668   4.0 1 1 
	        497.44 6617.52178  6617.5154   4.0 1 1 
	        735.82  6605.4134  6605.4165   4.0 1 1 
	        746.65 6604.85404  6604.8534   4.0 1 1 
	        786.98   6602.763   6602.762   4.0 1 1 
	        849.79 6599.48283  6599.4824   4.0 1 1 
	        865.11 6598.67901  6598.6778   4.0 1 1 
	        913.84 6596.10969  6596.1141   4.0 1 1 
	        954.78 6593.93867  6593.9391   4.0 1 1 
	        963.64 6593.46701  6593.4628   4.0 1 1 
	       1000.79 6591.48404  6591.4845   4.0 1 1 
	       1055.65 6588.53812  6588.5396   4.0 1 1 
	       1141.07 6583.90816   6583.906   4.0 1 1 
	       1208.32 6580.22734  6580.2299   4.0 1 1 
	       1255.02  6577.6523  6577.6552   4.0 1 1 
	       1262.92 6577.21519  6577.2146   4.0 1 1 
	       1282.54 6576.12731  6576.1221   4.0 1 1 
	       1490.31 6564.44372  6564.4445   4.0 1 1 
	       1567.02  6560.0535  6560.0574   4.0 1 1 
	       1587.42  6558.8791  6558.8756   4.0 1 1 
	       1668.84 6554.16251  6554.1603   4.0 1 1 
	       1710.94  6551.7052  6551.7055   4.0 1 1 
	       1736.88 6550.18545  6550.1877   4.0 1 1 
	       1874.39 6542.05002  6542.0498   4.0 1 1 
	       1955.75 6537.17495  6537.1775   4.0 1 1 
	       1972.81 6536.14676  6536.1441   4.0 1 1 
	function chebyshev
	order 5
	sample *
	naverage 1
	niterate 2000
	low_reject 3.
	high_reject 3.
	grow 0.
	coefficients	9
		1.
		5.
		37.90572357177734
		1972.808837890625
		6589.589467291492
		-51.79697641410048
		-1.648023652514756
		1.929050491380427E-4
		0.002096720635262365

# Mon 13:57:33 06-Feb-2023
begin	identify iazcomp.0036 - Ap 36
	id	iazcomp.0036
	task	identify
	image	iazcomp.0036 - Ap 36
	aperture	36
	aplow	1463.56
	aphigh	1472.14
	units	Angstroms
	features	33
	         37.01 6639.73996  6639.7403   4.0 1 1 
	         54.73 6638.91008  6638.9119   4.0 1 1 
	         69.43 6638.22005  6638.2207   4.0 1 1 
	        169.90 6633.46379  6633.4579   4.0 1 1 
	        198.80 6632.08309  6632.0837   4.0 1 1 
	        427.29    6620.96  6620.9665   4.0 1 1 
	        447.76 6619.94575  6619.9458   4.0 1 1 
	        483.55  6618.1654  6618.1668   4.0 1 1 
	        496.45 6617.52155  6617.5154   4.0 1 1 
	        734.77 6605.41354  6605.4165   4.0 1 1 
	        745.59 6604.85412  6604.8534   4.0 1 1 
	        785.91 6602.76291   6602.762   4.0 1 1 
	        848.71  6599.4825  6599.4824   4.0 1 1 
	        864.03 6598.67831  6598.6778   4.0 1 1 
	        912.72 6596.11041  6596.1141   4.0 1 1 
	        953.66 6593.93856  6593.9391   4.0 1 1 
	        962.53 6593.46647  6593.4628   4.0 1 1 
	        999.65 6591.48446  6591.4845   4.0 1 1 
	       1054.43 6588.54155  6588.5396   4.0 1 1 
	       1139.94 6583.90585   6583.906   4.0 1 1 
	       1207.11 6580.22757  6580.2299   4.0 1 1 
	       1253.80 6577.65227  6577.6552   4.0 1 1 
	       1261.70 6577.21526  6577.2146   4.0 1 1 
	       1281.33 6576.12652  6576.1221   4.0 1 1 
	       1489.03 6564.44343  6564.4445   4.0 1 1 
	       1565.68 6560.05479  6560.0574   4.0 1 1 
	       1586.12 6558.87797  6558.8756   4.0 1 1 
	       1667.50 6554.16229  6554.1603   4.0 1 1 
	       1709.58 6551.70631  6551.7055   4.0 1 1 
	       1735.52 6550.18553  6550.1877   4.0 1 1 
	       1873.02 6542.04906  6542.0498   4.0 1 1 
	       1954.36 6537.17447  6537.1775   4.0 1 1 
	       1971.40  6536.1476  6536.1441   4.0 1 1 
	function chebyshev
	order 5
	sample *
	naverage 1
	niterate 2000
	low_reject 3.
	high_reject 3.
	grow 0.
	coefficients	9
		1.
		5.
		37.00538635253906
		1971.403686523437
		6589.589739958162
		-51.7972074952988
		-1.648392738173695
		0.001027451704230457
		0.002437542207523546

