# Tue 22:33:57 07-Sep-2021
begin	identify iazcomp.0007 - Ap 7
	id	iazcomp.0007
	task	identify
	image	iazcomp.0007 - Ap 7
	aperture	7
	aplow	1010.09
	aphigh	1017.96
	units	Angstroms
	features	47
	         51.84 4320.11532  4320.1264   4.0 1 1 
	        108.04  4318.4011  4318.4157   4.0 1 1 
	        210.18 4315.24854  4315.2543   4.0 1 1 
	        240.26 4314.31113  4314.3195   4.0 1 1 
	        282.54 4312.98618  4312.9975   4.0 1 1 
	        320.43 4311.79182  4311.7994   4.0 1 1 
	        401.17 4309.22472  4309.2392   4.0 1 1 
	        421.08 4308.58706  4308.6001   4.0 1 1 
	        435.75 4308.11626   4308.122   4.0 1 1 
	        465.23 4307.16664  4307.1762   4.0 1 1 
	        533.83  4304.9416  4304.9565   4.0 1 1 
	        563.39 4303.97637  4303.9892   4.0 1 1 
	        664.70 4300.63707  4300.6495   4.0 1 1 
	        681.23 4300.08745  4300.1008   4.0 1 1 
	        681.24 4300.08726  4299.8393   4.0 1 1 
	        764.64 4297.29653  4297.3066   4.0 1 1 
	        815.83 4295.56776  4295.5849   4.0 1 1 
	        926.36 4291.79389  4291.8098   4.0 1 1 
	        988.71 4289.64002  4289.6551   4.0 1 1 
	       1017.16 4288.65164  4288.6688   4.0 1 1 
	       1062.52 4287.06755  4287.0808   4.0 1 1 
	       1086.95 4286.21058  4286.2285   4.0 1 1 
	       1163.69 4283.50073  4283.5184   4.0 1 1 
	       1205.03  4282.0297  4282.0413   4.0 1 1 
	       1222.73 4281.39731  4281.4145   4.0 1 1 
	       1232.39 4281.05174  4281.0678   4.0 1 1 
	       1246.37 4280.55085   4280.568   4.0 1 1 
	       1308.69 4278.30656  4278.3232   4.0 1 1 
	       1330.63 4277.51213  4277.5282   4.0 1 1 
	       1330.63 4277.51222  4277.3139   4.0 1 1 
	       1350.43 4276.79354  4276.8073   4.0 1 1 
	       1395.68 4275.14418  4275.1596   4.0 1 1 
	       1426.70 4274.00779  4274.0246   4.0 1 1 
	       1444.85 4273.34126  4273.3574   4.0 1 1 
	       1458.00 4272.85714  4272.8745   4.0 1 1 
	       1477.09 4272.15297  4272.1689   4.0 1 1 
	       1537.18 4269.92566  4269.9426   4.0 1 1 
	       1628.51 4266.50917  4266.5271   4.0 1 1 
	       1628.50 4266.50932  4266.2864   4.0 1 1 
	       1791.58 4260.31321   4260.333   4.0 1 1 
	       1816.85 4259.34217  4259.3619   4.0 1 1 
	       1838.72 4258.49947  4258.5204   4.0 1 1 
	       1865.22 4257.47521  4257.4963   4.0 1 1 
	       1897.29 4256.23172  4256.2537   4.0 1 1 
	       1923.41 4255.21524  4255.2373   4.0 1 1 
	       1966.91 4253.51578  4253.5385   4.0 1 1 
	       2026.64 4251.16793  4251.1846   4.0 1 1 
	shift	0.1170258706601322
	function chebyshev
	order 4
	sample *
	naverage 1
	niterate 2000
	low_reject 3.
	high_reject 3.
	grow 0.
	coefficients	8
		1.
		4.
		47.71355438232429
		2023.158081054691
		4286.776606440869
		-34.46847766994746
		-1.120793668588477
		8.442837695934135E-4

# Fri 10:45:54 11-Mar-2022
begin	identify iazcomp.0007 - Ap 7
	id	iazcomp.0007
	task	identify
	image	iazcomp.0007 - Ap 7
	aperture	7
	aplow	1010.09
	aphigh	1017.96
	units	Angstroms
	features	45
	         36.88 4320.12448  4320.1264   4.0 1 1 
	         92.96 4318.41463  4318.4157   4.0 1 1 
	        195.27 4315.25803  4315.2543   4.0 1 1 
	        267.61 4312.99714  4312.9975   4.0 1 1 
	        305.58   4311.801  4311.7994   4.0 1 1 
	        406.19 4308.59916  4308.6001   4.0 1 1 
	        450.33 4307.17956  4307.1762   4.0 1 1 
	        475.59 4306.36334  4306.3668   4.0 1 1 
	        518.94 4304.95551  4304.9565   4.0 1 1 
	        548.50 4303.99075  4303.9892   4.0 1 1 
	        649.92 4300.64959  4300.6495   4.0 1 1 
	        666.47 4300.10009  4300.1008   4.0 1 1 
	        749.91 4297.30956  4297.3066   4.0 1 1 
	        801.09 4295.58229  4295.5849   4.0 1 1 
	        911.70 4291.80809  4291.8098   4.0 1 1 
	        974.11 4289.65389  4289.6551   4.0 1 1 
	       1002.55 4288.66625  4288.6688   4.0 1 1 
	       1047.89 4287.08418  4287.0808   4.0 1 1 
	       1072.27 4286.22954  4286.2285   4.0 1 1 
	       1149.18 4283.51555  4283.5184   4.0 1 1 
	       1166.60 4282.89701  4282.8976   4.0 1 1 
	       1190.55 4282.04451  4282.0413   4.0 1 1 
	       1208.24 4281.41317  4281.4145   4.0 1 1 
	       1217.96 4281.06575  4281.0678   4.0 1 1 
	       1231.95 4280.56486   4280.568   4.0 1 1 
	       1294.29 4278.32167  4278.3232   4.0 1 1 
	       1316.22 4277.52828  4277.5282   4.0 1 1 
	       1322.04 4277.31736  4277.3139   4.0 1 1 
	       1336.01 4276.81038  4276.8073   4.0 1 1 
	       1381.31 4275.16046  4275.1596   4.0 1 1 
	       1412.37 4274.02399  4274.0246   4.0 1 1 
	       1430.51 4273.35819  4273.3574   4.0 1 1 
	       1443.66 4272.87462  4272.8745   4.0 1 1 
	       1462.77 4272.17011  4272.1689   4.0 1 1 
	       1522.91 4269.94313  4269.9426   4.0 1 1 
	       1614.27  4266.5281  4266.5271   4.0 1 1 
	       1620.67 4266.28748  4266.2864   4.0 1 1 
	       1777.49 4260.33207   4260.333   4.0 1 1 
	       1802.77 4259.36164  4259.3619   4.0 1 1 
	       1824.63 4258.52017  4258.5204   4.0 1 1 
	       1851.17 4257.49565  4257.4963   4.0 1 1 
	       1883.27 4256.25184  4256.2537   4.0 1 1 
	       1909.42 4255.23536  4255.2373   4.0 1 1 
	       1952.93 4253.53721  4253.5385   4.0 1 1 
	       2012.74 4251.18824  4251.1846   4.0 1 1 
	function chebyshev
	order 4
	sample *
	naverage 1
	niterate 2000
	low_reject 3.
	high_reject 3.
	grow 0.
	coefficients	8
		1.
		4.
		36.87686920166016
		2012.742919921875
		4286.773496870335
		-34.46901299228427
		-1.117139771141257
		8.925522704140443E-4

# Tue 15:08:22 29-Mar-2022
begin	identify iazcomp.0007 - Ap 7
	id	iazcomp.0007
	task	identify
	image	iazcomp.0007 - Ap 7
	aperture	7
	aplow	1010.09
	aphigh	1017.96
	units	Angstroms
	features	45
	         37.57 4320.12582  4320.1264   4.0 1 1 
	         93.80 4318.41137  4318.4157   4.0 1 1 
	        196.00 4315.25824  4315.2543   4.0 1 1 
	        268.33 4312.99722  4312.9975   4.0 1 1 
	        306.21 4311.80384  4311.7994   4.0 1 1 
	        406.89 4308.59918  4308.6001   4.0 1 1 
	        451.03 4307.17975  4307.1762   4.0 1 1 
	        476.20 4306.36614  4306.3668   4.0 1 1 
	        519.72 4304.95287  4304.9565   4.0 1 1 
	        549.24  4303.9892  4303.9892   4.0 1 1 
	        650.60 4300.64981  4300.6495   4.0 1 1 
	        667.14 4300.10044  4300.1008   4.0 1 1 
	        750.57  4297.3098  4297.3066   4.0 1 1 
	        801.78 4295.58151  4295.5849   4.0 1 1 
	        912.36 4291.80785  4291.8098   4.0 1 1 
	        974.71 4289.65532  4289.6551   4.0 1 1 
	       1003.17  4288.6671  4288.6688   4.0 1 1 
	       1048.65 4287.07982  4287.0808   4.0 1 1 
	       1072.97 4286.22704  4286.2285   4.0 1 1 
	       1149.77 4283.51684  4283.5184   4.0 1 1 
	       1167.21 4282.89757  4282.8976   4.0 1 1 
	       1191.17 4282.04469  4282.0413   4.0 1 1 
	       1208.86 4281.41324  4281.4145   4.0 1 1 
	       1218.54 4281.06709  4281.0678   4.0 1 1 
	       1232.53 4280.56601   4280.568   4.0 1 1 
	       1294.86 4278.32298  4278.3232   4.0 1 1 
	       1316.81 4277.52852  4277.5282   4.0 1 1 
	       1322.66 4277.31677  4277.3139   4.0 1 1 
	       1336.60 4276.81064  4276.8073   4.0 1 1 
	       1381.90  4275.1607  4275.1596   4.0 1 1 
	       1412.96 4274.02418  4274.0246   4.0 1 1 
	       1431.09 4273.35838  4273.3574   4.0 1 1 
	       1444.26 4272.87412  4272.8745   4.0 1 1 
	       1463.36 4272.17015  4272.1689   4.0 1 1 
	       1523.51 4269.94234  4269.9426   4.0 1 1 
	       1614.84 4266.52791  4266.5271   4.0 1 1 
	       1621.25 4266.28706  4266.2864   4.0 1 1 
	       1778.02   4260.333   4260.333   4.0 1 1 
	       1803.32 4259.36145  4259.3619   4.0 1 1 
	       1825.19 4258.51953  4258.5204   4.0 1 1 
	       1851.71 4257.49532  4257.4963   4.0 1 1 
	       1883.81 4256.25174  4256.2537   4.0 1 1 
	       1909.92 4255.23673  4255.2373   4.0 1 1 
	       1953.48 4253.53608  4253.5385   4.0 1 1 
	       2013.26 4251.18854  4251.1846   4.0 1 1 
	function chebyshev
	order 4
	sample *
	naverage 1
	niterate 2000
	low_reject 3.
	high_reject 3.
	grow 0.
	coefficients	8
		1.
		4.
		37.57408905029297
		2013.255737304688
		4286.774488226158
		-34.46960500956314
		-1.117307324238614
		9.620774508842326E-4

# Mon 11:32:21 30-Jan-2023
begin	identify iazcomp.0007 - Ap 7
	id	iazcomp.0007
	task	identify
	image	iazcomp.0007 - Ap 7
	aperture	7
	aplow	1010.09
	aphigh	1017.96
	units	Angstroms
	features	38
	         41.70 4320.12655  4320.1264   4.0 1 1 
	         97.92 4318.41236  4318.4157   4.0 1 1 
	        200.14 4315.25844  4315.2543   4.0 1 1 
	        272.49 4312.99738  4312.9975   4.0 1 1 
	        310.45 4311.80123  4311.7994   4.0 1 1 
	        411.17 4308.59599  4308.6001   4.0 1 1 
	        455.23 4307.17912  4307.1762   4.0 1 1 
	        480.43 4306.36476  4306.3668   4.0 1 1 
	        523.84 4304.95522  4304.9565   4.0 1 1 
	        553.35 4303.99223  4303.9892   4.0 1 1 
	        654.85 4300.64878  4300.6495   4.0 1 1 
	        671.37 4300.10033  4300.1008   4.0 1 1 
	        754.83  4297.3095  4297.3066   4.0 1 1 
	        916.64   4291.808  4291.8098   4.0 1 1 
	        979.05 4289.65406  4289.6551   4.0 1 1 
	       1007.51 4288.66623  4288.6688   4.0 1 1 
	       1052.89  4287.0827  4287.0808   4.0 1 1 
	       1077.31 4286.22692  4286.2285   4.0 1 1 
	       1154.13 4283.51675  4283.5184   4.0 1 1 
	       1171.57 4282.89747  4282.8976   4.0 1 1 
	       1195.54 4282.04454  4282.0413   4.0 1 1 
	       1213.23 4281.41323  4281.4145   4.0 1 1 
	       1222.92 4281.06685  4281.0678   4.0 1 1 
	       1236.89 4280.56667   4280.568   4.0 1 1 
	       1299.26 4278.32275  4278.3232   4.0 1 1 
	       1321.21 4277.52859  4277.5282   4.0 1 1 
	       1386.29 4275.16167  4275.1596   4.0 1 1 
	       1435.53 4273.35819  4273.3574   4.0 1 1 
	       1448.67 4272.87506  4272.8745   4.0 1 1 
	       1467.78 4272.17072  4272.1689   4.0 1 1 
	       1527.90 4269.94466  4269.9426   4.0 1 1 
	       1619.31 4266.52798  4266.5271   4.0 1 1 
	       1782.55 4260.33193   4260.333   4.0 1 1 
	       1807.83 4259.36163  4259.3619   4.0 1 1 
	       1856.25 4257.49484  4257.4963   4.0 1 1 
	       1888.36 4256.25099  4256.2537   4.0 1 1 
	       1914.49  4255.2352  4255.2373   4.0 1 1 
	       2017.81 4251.18839  4251.1846   4.0 1 1 
	function chebyshev
	order 4
	sample *
	naverage 1
	niterate 2000
	low_reject 3.
	high_reject 3.
	grow 0.
	coefficients	8
		1.
		4.
		41.69512939453125
		2017.806640625
		4286.774375959583
		-34.46946111029274
		-1.116908744636514
		3.818231340707649E-4

# Mon 13:56:40 06-Feb-2023
begin	identify iazcomp.0007 - Ap 7
	id	iazcomp.0007
	task	identify
	image	iazcomp.0007 - Ap 7
	aperture	7
	aplow	1010.09
	aphigh	1017.96
	units	Angstroms
	features	38
	         40.92 4320.12506  4320.1264   4.0 1 1 
	         97.07 4318.41298  4318.4157   4.0 1 1 
	        199.29 4315.25857  4315.2543   4.0 1 1 
	        271.60 4312.99807  4312.9975   4.0 1 1 
	        309.52 4311.80325  4311.7994   4.0 1 1 
	        410.25 4308.59675  4308.6001   4.0 1 1 
	        454.31  4307.1799  4307.1762   4.0 1 1 
	        479.58 4306.36286  4306.3668   4.0 1 1 
	        522.97  4304.9538  4304.9565   4.0 1 1 
	        552.46 4303.99082  4303.9892   4.0 1 1 
	        653.87 4300.64956  4300.6495   4.0 1 1 
	        670.39 4300.10098  4300.1008   4.0 1 1 
	        753.85 4297.30945  4297.3066   4.0 1 1 
	        915.62 4291.80734  4291.8098   4.0 1 1 
	        977.98 4289.65462  4289.6551   4.0 1 1 
	       1006.44 4288.66622  4288.6688   4.0 1 1 
	       1051.86 4287.08097  4287.0808   4.0 1 1 
	       1076.25 4286.22559  4286.2285   4.0 1 1 
	       1152.99 4283.51742  4283.5184   4.0 1 1 
	       1170.41 4282.89884  4282.8976   4.0 1 1 
	       1194.38 4282.04523  4282.0413   4.0 1 1 
	       1212.06 4281.41419  4281.4145   4.0 1 1 
	       1221.78 4281.06645  4281.0678   4.0 1 1 
	       1235.74 4280.56666   4280.568   4.0 1 1 
	       1298.08 4278.32299  4278.3232   4.0 1 1 
	       1320.03 4277.52866  4277.5282   4.0 1 1 
	       1385.09  4275.1618  4275.1596   4.0 1 1 
	       1434.31 4273.35819  4273.3574   4.0 1 1 
	       1447.44 4272.87502  4272.8745   4.0 1 1 
	       1466.55 4272.17067  4272.1689   4.0 1 1 
	       1526.65 4269.94444  4269.9426   4.0 1 1 
	       1618.04 4266.52774  4266.5271   4.0 1 1 
	       1781.20  4260.3323   4260.333   4.0 1 1 
	       1806.49 4259.36114  4259.3619   4.0 1 1 
	       1854.89 4257.49456  4257.4963   4.0 1 1 
	       1886.97 4256.25137  4256.2537   4.0 1 1 
	       1913.11 4255.23482  4255.2373   4.0 1 1 
	       2016.38 4251.18864  4251.1846   4.0 1 1 
	function chebyshev
	order 4
	sample *
	naverage 1
	niterate 2000
	low_reject 3.
	high_reject 3.
	grow 0.
	coefficients	8
		1.
		4.
		40.92476654052734
		2016.376098632812
		4286.774472313544
		-34.46883029094908
		-1.117624342912762
		6.230381563818141E-4

