# Tue 22:47:06 07-Sep-2021
begin	identify iazcomp.0043 - Ap 43
	id	iazcomp.0043
	task	identify
	image	iazcomp.0043 - Ap 43
	aperture	43
	aplow	1541.15
	aphigh	1548.69
	units	Angstroms
	features	21
	         15.57 7630.31338  7630.3106   4.0 1 1 
	         42.36 7628.87802  7628.8818   4.0 1 1 
	         74.04 7627.17291  7627.1749   4.0 1 1 
	        101.20 7625.70448  7625.7053   4.0 1 1 
	        204.20 7620.08295  7620.0773   4.0 1 1 
	        235.78 7618.34227  7618.3443   4.0 1 1 
	        423.55 7607.82499   7607.823   4.0 1 1 
	        591.00 7598.20591  7598.2054   4.0 1 1 
	        742.39 7589.31422  7589.3151   4.0 1 1 
	       1097.34 7567.73806  7567.7417   4.0 1 1 
	       1116.72 7566.53002  7566.5296   4.0 1 1 
	       1127.61 7565.85067  7565.8515   4.0 1 1 
	       1387.88 7549.31512  7549.3138   4.0 1 1 
	       1569.79 7537.43107  7537.4287   4.0 1 1 
	       1584.91 7536.43111  7536.4365   4.0 1 1 
	       1664.32 7531.14904  7531.1437   4.0 1 1 
	       1704.01 7528.48927  7528.4892   4.0 1 1 
	       1748.29 7525.50765  7525.5079   4.0 1 1 
	       1783.33  7523.1361  7523.1347   4.0 1 1 
	       1948.98 7511.79106  7511.7902   4.0 1 1 
	       1968.99  7510.4051  7510.4082   4.0 1 1 
	function chebyshev
	order 4
	sample *
	naverage 1
	niterate 2000
	low_reject 3.
	high_reject 3.
	grow 0.
	coefficients	8
		1.
		4.
		15.57016658782959
		1968.993286132812
		7572.294827689904
		-59.95180211195224
		-1.935587632449214
		-0.002340378609070936

# Fri 11:10:41 11-Mar-2022
begin	identify iazcomp.0043 - Ap 43
	id	iazcomp.0043
	task	identify
	image	iazcomp.0043 - Ap 43
	aperture	43
	aplow	1541.15
	aphigh	1548.69
	units	Angstroms
	features	21
	         25.98 7628.88251  7628.8818   4.0 1 1 
	         57.76 7627.17277  7627.1749   4.0 1 1 
	         84.90 7625.70655  7625.7053   4.0 1 1 
	        188.09 7620.07621  7620.0773   4.0 1 1 
	        219.50 7618.34524  7618.3443   4.0 1 1 
	        407.36 7607.82719   7607.823   4.0 1 1 
	        574.98 7598.20106  7598.2054   4.0 1 1 
	        726.36 7589.31284  7589.3151   4.0 1 1 
	       1052.77 7569.51733  7569.5115   4.0 1 1 
	       1100.88 7566.52668  7566.5296   4.0 1 1 
	       1111.74 7565.84852  7565.8515   4.0 1 1 
	       1278.35 7555.33254  7555.3254   4.0 1 1 
	       1372.17 7549.31202  7549.3138   4.0 1 1 
	       1554.21 7537.42626  7537.4287   4.0 1 1 
	       1648.77 7531.14666  7531.1437   4.0 1 1 
	       1688.46 7528.48913  7528.4892   4.0 1 1 
	       1732.79 7525.50622  7525.5079   4.0 1 1 
	       1767.87 7523.13406  7523.1347   4.0 1 1 
	       1831.93 7518.77695  7518.7824   4.0 1 1 
	       1933.57 7511.79517  7511.7902   4.0 1 1 
	       1953.62 7510.40798  7510.4082   4.0 1 1 
	function chebyshev
	order 4
	sample *
	naverage 1
	niterate 2000
	low_reject 3.
	high_reject 3.
	grow 0.
	coefficients	8
		1.
		4.
		25.98308372497559
		1953.6201171875
		7571.524125688438
		-59.23646095378324
		-1.878883209085634
		-8.039916438386295E-4

# Tue 15:32:38 29-Mar-2022
begin	identify iazcomp.0043 - Ap 43
	id	iazcomp.0043
	task	identify
	image	iazcomp.0043 - Ap 43
	aperture	43
	aplow	1541.15
	aphigh	1548.69
	units	Angstroms
	features	21
	         26.70 7628.88086  7628.8818   4.0 1 1 
	         58.44 7627.17333  7627.1749   4.0 1 1 
	         85.60  7625.7053  7625.7053   4.0 1 1 
	        188.67 7620.08141  7620.0773   4.0 1 1 
	        220.19 7618.34436  7618.3443   4.0 1 1 
	        408.05 7607.82468   7607.823   4.0 1 1 
	        575.60 7598.20233  7598.2054   4.0 1 1 
	        727.01 7589.31183  7589.3151   4.0 1 1 
	       1053.39 7569.51689  7569.5115   4.0 1 1 
	       1101.48 7566.52716  7566.5296   4.0 1 1 
	       1112.37 7565.84731  7565.8515   4.0 1 1 
	       1278.91 7555.33492  7555.3254   4.0 1 1 
	       1372.77 7549.31178  7549.3138   4.0 1 1 
	       1554.82 7537.42504  7537.4287   4.0 1 1 
	       1649.35 7531.14667  7531.1437   4.0 1 1 
	       1689.05 7528.48883  7528.4892   4.0 1 1 
	       1733.35 7525.50691  7525.5079   4.0 1 1 
	       1768.42 7523.13571  7523.1347   4.0 1 1 
	       1832.52 7518.77526  7518.7824   4.0 1 1 
	       1934.13  7511.7952  7511.7902   4.0 1 1 
	       1954.18 7510.40811  7510.4082   4.0 1 1 
	function chebyshev
	order 4
	sample *
	naverage 1
	niterate 2000
	low_reject 3.
	high_reject 3.
	grow 0.
	coefficients	8
		1.
		4.
		26.69985771179199
		1954.182495117188
		7571.523022723416
		-59.23550718203101
		-1.878537979191199
		-8.718947848509341E-4

# Mon 11:44:26 30-Jan-2023
begin	identify iazcomp.0043 - Ap 43
	id	iazcomp.0043
	task	identify
	image	iazcomp.0043 - Ap 43
	aperture	43
	aplow	1541.15
	aphigh	1548.69
	units	Angstroms
	features	27
	          4.30 7630.31287  7630.3106   4.0 1 1 
	         31.02  7628.8812  7628.8818   4.0 1 1 
	         62.74 7627.17435  7627.1749   4.0 1 1 
	         89.91 7625.70623  7625.7053   4.0 1 1 
	        193.03 7620.07868  7620.0773   4.0 1 1 
	        224.54 7618.34205  7618.3443   4.0 1 1 
	        412.41 7607.82266   7607.823   4.0 1 1 
	        579.97 7598.20028  7598.2054   4.0 1 1 
	        731.38 7589.31076  7589.3151   4.0 1 1 
	       1033.18 7571.03902  7571.0326   4.0 1 1 
	       1040.78 7570.56937   7570.559   4.0 1 1 
	       1057.78 7569.51712  7569.5115   4.0 1 1 
	       1105.93 7566.52454  7566.5296   4.0 1 1 
	       1116.79 7565.84692  7565.8515   4.0 1 1 
	       1283.43 7555.33054  7555.3254   4.0 1 1 
	       1377.24 7549.31176  7549.3138   4.0 1 1 
	       1559.32 7537.42536  7537.4287   4.0 1 1 
	       1574.41  7536.4281  7536.4365   4.0 1 1 
	       1653.91 7531.14456  7531.1437   4.0 1 1 
	       1693.57 7528.48996  7528.4892   4.0 1 1 
	       1737.90 7525.50692  7525.5079   4.0 1 1 
	       1772.98 7523.13517  7523.1347   4.0 1 1 
	       1837.01 7518.78069  7518.7824   4.0 1 1 
	       1938.74 7511.79374  7511.7902   4.0 1 1 
	       1945.12 7511.35301  7511.3498   4.0 1 1 
	       1958.76 7510.40921  7510.4082   4.0 1 1 
	       1986.63 7508.47601  7508.4787   4.0 1 1 
	function chebyshev
	order 4
	sample *
	naverage 1
	niterate 2000
	low_reject 3.
	high_reject 3.
	grow 0.
	coefficients	8
		1.
		4.
		4.299271583557129
		1986.626220703125
		7571.37862240773
		-60.91687116576636
		-1.984179938911678
		-0.001557174478073256

# Mon 13:58:13 06-Feb-2023
begin	identify iazcomp.0043 - Ap 43
	id	iazcomp.0043
	task	identify
	image	iazcomp.0043 - Ap 43
	aperture	43
	aplow	1541.15
	aphigh	1548.69
	units	Angstroms
	features	27
	          3.35 7630.31472  7630.3106   4.0 1 1 
	         30.15 7628.87919  7628.8818   4.0 1 1 
	         61.87 7627.17239  7627.1749   4.0 1 1 
	         89.01 7625.70514  7625.7053   4.0 1 1 
	        192.08 7620.08061  7620.0773   4.0 1 1 
	        223.60 7618.34316  7618.3443   4.0 1 1 
	        411.45 7607.82305   7607.823   4.0 1 1 
	        578.93 7598.20317  7598.2054   4.0 1 1 
	        730.34 7589.31153  7589.3151   4.0 1 1 
	       1032.13 7571.03593  7571.0326   4.0 1 1 
	       1039.57 7570.57583   7570.559   4.0 1 0 
	       1056.61 7569.52132  7569.5115   4.0 1 1 
	       1104.80 7566.52494  7566.5296   4.0 1 1 
	       1115.65 7565.84776  7565.8515   4.0 1 1 
	       1282.22 7555.33249  7555.3254   4.0 1 1 
	       1376.03 7549.31183  7549.3138   4.0 1 1 
	       1558.03  7537.4274  7537.4287   4.0 1 1 
	       1573.16 7536.42779  7536.4365   4.0 1 1 
	       1652.59 7531.14725  7531.1437   4.0 1 1 
	       1692.30 7528.48854  7528.4892   4.0 1 1 
	       1736.60 7525.50697  7525.5079   4.0 1 1 
	       1771.66 7523.13619  7523.1347   4.0 1 1 
	       1835.69 7518.78006  7518.7824   4.0 1 1 
	       1937.41 7511.79221  7511.7902   4.0 1 1 
	       1943.73 7511.35559  7511.3498   4.0 1 1 
	       1957.41 7510.40885  7510.4082   4.0 1 1 
	       1985.29 7508.47401  7508.4787   4.0 1 1 
	function chebyshev
	order 4
	sample *
	naverage 1
	niterate 2000
	low_reject 3.
	high_reject 3.
	grow 0.
	coefficients	8
		1.
		4.
		3.35174822807312
		1985.293701171875
		7571.380086697938
		-60.91961610790332
		-1.985724682679741
		-7.400736335788171E-4

