# Tue 22:43:34 07-Sep-2021
begin	identify iazcomp.0028 - Ap 28
	id	iazcomp.0028
	task	identify
	image	iazcomp.0028 - Ap 28
	aperture	28
	aplow	1362.33
	aphigh	1371.85
	units	Angstroms
	features	29
	        187.84 5777.39623  5777.4006   4.0 1 1 
	        217.43 5776.16557  5776.1678   4.0 1 1 
	        270.40 5773.94883  5773.9463   4.0 1 1 
	        322.27 5771.76103  5771.7601   4.0 1 1 
	        406.27 5768.18216  5768.1812   4.0 1 1 
	        415.62 5767.78107  5767.7785   4.0 1 1 
	        513.96 5763.52978   5763.529   4.0 1 1 
	        530.72 5762.79891  5762.7941   4.0 1 1 
	        581.97 5760.55398  5760.5508   4.0 1 1 
	        751.19 5753.02563  5753.0265   4.0 1 1 
	        822.92 5749.78107  5749.7862   4.0 1 1 
	        831.59 5749.38644  5749.3883   4.0 1 1 
	        845.78 5748.73994  5748.7412   4.0 1 1 
	        995.85 5741.82658   5741.829   4.0 1 1 
	       1010.01 5741.16705  5741.1705   4.0 1 1 
	       1045.30 5739.51841  5739.5196   4.0 1 1 
	       1119.45 5736.02851  5736.0297   4.0 1 1 
	       1293.30 5727.71303  5727.7103   4.0 1 1 
	       1341.19 5725.38985  5725.3885   4.0 1 1 
	       1447.34 5720.18985  5720.1828   4.0 1 1 
	       1458.79 5719.62521  5719.6227   4.0 1 1 
	       1508.32 5717.17185  5717.1711   4.0 1 1 
	       1537.43 5715.72271  5715.7244   4.0 1 1 
	       1677.54 5708.67617  5708.6794   4.0 1 1 
	       1708.45 5707.10563  5707.1033   4.0 1 1 
	       1795.49 5702.65137  5702.6511   4.0 1 1 
	       1829.22 5700.91263  5700.9176   4.0 1 1 
	       1916.36 5696.38942  5696.3904   4.0 1 1 
	       2006.47  5691.6633  5691.6612   4.0 1 1 
	function chebyshev
	order 4
	sample *
	naverage 1
	niterate 2000
	low_reject 3.
	high_reject 3.
	grow 0.
	coefficients	8
		1.
		4.
		187.8414764404297
		2006.4677734375
		5735.805510557505
		-42.86992361064121
		-1.275746022283082
		0.003459974959982747

# Fri 10:58:51 11-Mar-2022
begin	identify iazcomp.0028 - Ap 28
	id	iazcomp.0028
	task	identify
	image	iazcomp.0028 - Ap 28
	aperture	28
	aplow	1362.33
	aphigh	1371.85
	units	Angstroms
	features	28
	        254.62 5773.94488  5773.9463   4.0 1 1 
	        298.06 5772.11527  5772.1143   4.0 1 1 
	        306.50  5771.7587  5771.7601   4.0 1 1 
	        390.55 5768.18056  5768.1812   4.0 1 1 
	        399.90 5767.77961  5767.7785   4.0 1 1 
	        498.29 5763.52922   5763.529   4.0 1 1 
	        515.07 5762.79812  5762.7941   4.0 1 1 
	        566.41 5760.55089  5760.5508   4.0 1 1 
	        735.63  5753.0266  5753.0265   4.0 1 1 
	        807.37  5749.7832  5749.7862   4.0 1 1 
	        816.05 5749.38826  5749.3883   4.0 1 1 
	        830.26 5748.74128  5748.7412   4.0 1 1 
	        980.40 5741.82813   5741.829   4.0 1 1 
	        994.56 5741.16892  5741.1705   4.0 1 1 
	       1029.88 5739.51946  5739.5196   4.0 1 1 
	       1104.07 5736.02943  5736.0297   4.0 1 1 
	       1278.04 5727.71221  5727.7103   4.0 1 1 
	       1325.95 5725.38926  5725.3885   4.0 1 1 
	       1443.61 5719.62445  5719.6227   4.0 1 1 
	       1493.17  5717.1708  5717.1711   4.0 1 1 
	       1522.26 5715.72363  5715.7244   4.0 1 1 
	       1693.41 5707.10527  5707.1033   4.0 1 1 
	       1722.22 5705.63717  5705.6371   4.0 1 1 
	       1780.50 5702.65152  5702.6511   4.0 1 1 
	       1814.24 5700.91379  5700.9176   4.0 1 1 
	       1901.47 5696.38895  5696.3904   4.0 1 1 
	       1991.59 5691.66606  5691.6612   4.0 1 1 
	       2010.09 5690.69075  5690.6934   4.0 1 1 
	function chebyshev
	order 4
	sample *
	naverage 1
	niterate 2000
	low_reject 3.
	high_reject 3.
	grow 0.
	coefficients	8
		1.
		4.
		254.6200103759765
		2010.088989257812
		5733.503786816055
		-41.63168886048735
		-1.185968358998356
		0.00462319328292283

# Tue 15:32:17 29-Mar-2022
begin	identify iazcomp.0028 - Ap 28
	id	iazcomp.0028
	task	identify
	image	iazcomp.0028 - Ap 28
	aperture	28
	aplow	1362.33
	aphigh	1371.85
	units	Angstroms
	features	28
	        255.29 5773.94454  5773.9463   4.0 1 1 
	        298.68 5772.11685  5772.1143   4.0 1 1 
	        307.18 5771.75774  5771.7601   4.0 1 1 
	        391.22 5768.18005  5768.1812   4.0 1 1 
	        400.58 5767.77905  5767.7785   4.0 1 1 
	        498.94 5763.52951   5763.529   4.0 1 1 
	        515.70 5762.79917  5762.7941   4.0 1 1 
	        567.07 5760.55061  5760.5508   4.0 1 1 
	        736.26 5753.02679  5753.0265   4.0 1 1 
	        808.00 5749.78309  5749.7862   4.0 1 1 
	        816.68 5749.38838  5749.3883   4.0 1 1 
	        830.89 5748.74129  5748.7412   4.0 1 1 
	        981.02 5741.82778   5741.829   4.0 1 1 
	        995.19 5741.16795  5741.1705   4.0 1 1 
	       1030.48 5739.51959  5739.5196   4.0 1 1 
	       1104.66  5736.0292  5736.0297   4.0 1 1 
	       1278.58 5727.71333  5727.7103   4.0 1 1 
	       1326.50 5725.38953  5725.3885   4.0 1 1 
	       1444.16 5719.62399  5719.6227   4.0 1 1 
	       1493.71 5717.17073  5717.1711   4.0 1 1 
	       1522.78  5715.7245  5715.7244   4.0 1 1 
	       1693.95 5707.10481  5707.1033   4.0 1 1 
	       1722.77 5705.63608  5705.6371   4.0 1 1 
	       1781.03 5702.65159  5702.6511   4.0 1 1 
	       1814.77 5700.91381  5700.9176   4.0 1 1 
	       1901.98 5696.38994  5696.3904   4.0 1 1 
	       1992.13  5691.6659  5691.6612   4.0 1 1 
	       2010.63 5690.69059  5690.6934   4.0 1 1 
	function chebyshev
	order 4
	sample *
	naverage 1
	niterate 2000
	low_reject 3.
	high_reject 3.
	grow 0.
	coefficients	8
		1.
		4.
		255.285873413086
		2010.625732421875
		5733.503265869714
		-41.63225557128417
		-1.185701770167389
		0.00527852116872168

# Mon 11:38:18 30-Jan-2023
begin	identify iazcomp.0028 - Ap 28
	id	iazcomp.0028
	task	identify
	image	iazcomp.0028 - Ap 28
	aperture	28
	aplow	1362.33
	aphigh	1371.85
	units	Angstroms
	features	33
	        177.06 5777.39387  5777.4006   4.0 1 1 
	        259.60 5773.94854  5773.9463   4.0 1 1 
	        303.01 5772.11918  5772.1143   4.0 1 1 
	        311.48 5771.76074  5771.7601   4.0 1 1 
	        395.54  5768.1811  5768.1812   4.0 1 1 
	        404.89  5767.7801  5767.7785   4.0 1 1 
	        503.28 5763.52877   5763.529   4.0 1 1 
	        520.07  5762.7974  5762.7941   4.0 1 1 
	        571.43 5760.54884  5760.5508   4.0 1 1 
	        740.65 5753.02535  5753.0265   4.0 1 1 
	        812.40 5749.78167  5749.7862   4.0 1 1 
	        821.09 5749.38673  5749.3883   4.0 1 1 
	        835.29 5748.74024  5748.7412   4.0 1 1 
	        869.02 5747.19988  5747.1931   4.0 1 1 
	        985.46 5741.82764   5741.829   4.0 1 1 
	        999.62 5741.16875  5741.1705   4.0 1 1 
	       1034.94 5739.51928  5739.5196   4.0 1 1 
	       1109.15 5736.02921  5736.0297   4.0 1 1 
	       1236.17 5729.97657  5729.9823   4.0 1 1 
	       1283.13 5727.71396  5727.7103   4.0 1 1 
	       1331.07 5725.38982  5725.3885   4.0 1 1 
	       1448.75  5719.6253  5719.6227   4.0 1 1 
	       1498.31 5717.17214  5717.1711   4.0 1 1 
	       1527.43 5715.72397  5715.7244   4.0 1 1 
	       1667.66 5708.67581  5708.6794   4.0 1 1 
	       1698.56 5707.10639  5707.1033   4.0 1 1 
	       1727.38 5705.63776  5705.6371   4.0 1 1 
	       1785.65 5702.65245  5702.6511   4.0 1 1 
	       1819.39 5700.91426  5700.9176   4.0 1 1 
	       1869.94 5698.29701  5698.2937   4.0 1 1 
	       1906.60 5696.38935  5696.3904   4.0 1 1 
	       1996.76 5691.66277  5691.6612   4.0 1 1 
	       2015.18 5690.69063  5690.6934   4.0 1 1 
	function chebyshev
	order 4
	sample *
	naverage 1
	niterate 2000
	low_reject 3.
	high_reject 3.
	grow 0.
	coefficients	8
		1.
		4.
		177.064453125
		2015.1845703125
		5735.343289853985
		-43.35367860666234
		-1.301036501247234
		0.002058350652471488

# Mon 13:57:20 06-Feb-2023
begin	identify iazcomp.0028 - Ap 28
	id	iazcomp.0028
	task	identify
	image	iazcomp.0028 - Ap 28
	aperture	28
	aplow	1362.33
	aphigh	1371.85
	units	Angstroms
	features	33
	        176.10 5777.39454  5777.4006   4.0 1 1 
	        258.64 5773.94828  5773.9463   4.0 1 1 
	        302.10 5772.11678  5772.1143   4.0 1 1 
	        310.49 5771.76184  5771.7601   4.0 1 1 
	        394.55 5768.18142  5768.1812   4.0 1 1 
	        403.90 5767.78047  5767.7785   4.0 1 1 
	        502.28 5763.52878   5763.529   4.0 1 1 
	        519.05 5762.79774  5762.7941   4.0 1 1 
	        570.40 5760.54916  5760.5508   4.0 1 1 
	        739.57 5753.02543  5753.0265   4.0 1 1 
	        811.30 5749.78147  5749.7862   4.0 1 1 
	        819.99 5749.38664  5749.3883   4.0 1 1 
	        834.19 5748.73986  5748.7412   4.0 1 1 
	        867.89 5747.20011  5747.1931   4.0 1 1 
	        984.31 5741.82696   5741.829   4.0 1 1 
	        998.46 5741.16808  5741.1705   4.0 1 1 
	       1033.75 5739.51954  5739.5196   4.0 1 1 
	       1107.94 5736.02927  5736.0297   4.0 1 1 
	       1234.89 5729.97779  5729.9823   4.0 1 1 
	       1281.87  5727.7137  5727.7103   4.0 1 1 
	       1329.78 5725.39033  5725.3885   4.0 1 1 
	       1447.43 5719.62552  5719.6227   4.0 1 1 
	       1496.98 5717.17208  5717.1711   4.0 1 1 
	       1526.10 5715.72312  5715.7244   4.0 1 1 
	       1666.26 5708.67738  5708.6794   4.0 1 1 
	       1697.20 5707.10571  5707.1033   4.0 1 1 
	       1725.99 5705.63809  5705.6371   4.0 1 1 
	       1784.27 5702.65215  5702.6511   4.0 1 1 
	       1818.02 5700.91311  5700.9176   4.0 1 1 
	       1868.54 5698.29734  5698.2937   4.0 1 1 
	       1905.22 5696.38862  5696.3904   4.0 1 1 
	       1995.37 5691.66223  5691.6612   4.0 1 1 
	       2013.77 5690.69195  5690.6934   4.0 1 1 
	function chebyshev
	order 4
	sample *
	naverage 1
	niterate 2000
	low_reject 3.
	high_reject 3.
	grow 0.
	coefficients	8
		1.
		4.
		176.096420288086
		2013.766479492188
		5735.343467486511
		-43.35470007144497
		-1.300219663197346
		0.003406173952252097

