# Tue 22:35:37 07-Sep-2021
begin	identify iazcomp.0010 - Ap 10
	id	iazcomp.0010
	task	identify
	image	iazcomp.0010 - Ap 10
	aperture	10
	aplow	1070.02
	aphigh	1078.09
	units	Angstroms
	features	51
	         11.68 4483.34399  4483.3468   4.0 1 1 
	         60.41 4481.81013  4481.8107   4.0 1 1 
	        128.70 4479.64262  4479.6376   4.0 1 1 
	        161.49  4478.5941  4478.5958   4.0 1 1 
	        265.90 4475.22214  4475.2214   4.0 1 1 
	        280.06 4474.76093  4474.7594   4.0 1 1 
	        394.75 4470.99091  4470.9906   4.0 1 1 
	        438.80  4469.5265  4469.5253   4.0 1 1 
	        474.90 4468.31933  4468.3208   4.0 1 1 
	        563.23 4465.33985  4465.3406   4.0 1 1 
	        612.37 4463.66597   4463.666   4.0 1 1 
	        674.65 4461.52797  4461.5278   4.0 1 1 
	        702.81  4460.5552  4460.5574   4.0 1 1 
	        755.03 4458.74147  4458.7384   4.0 1 1 
	        776.26 4458.00021  4458.0015   4.0 1 1 
	        798.21 4457.23145  4457.2362   4.0 1 1 
	        885.65 4454.14663  4454.1392   4.0 1 1 
	        930.09 4452.56472  4452.5655   4.0 1 1 
	        979.40 4450.79793   4450.804   4.0 1 1 
	       1014.90 4449.51899  4449.5206   4.0 1 1 
	       1032.59 4448.87932  4448.8792   4.0 1 1 
	       1061.42 4447.83382  4447.8346   4.0 1 1 
	       1078.05 4447.22887  4447.2296   4.0 1 1 
	       1114.46 4445.89941  4445.9012   4.0 1 1 
	       1138.23 4445.02843  4445.0338   4.0 1 1 
	       1175.16 4443.66925  4443.6657   4.0 1 1 
	       1190.93 4443.08694  4443.0863   4.0 1 1 
	       1230.72 4441.61265  4441.6084   4.0 1 1 
	       1250.75 4440.86755  4440.8659   4.0 1 1 
	       1258.63 4440.57371  4440.5737   4.0 1 1 
	       1277.22 4439.87972  4439.8793   4.0 1 1 
	       1288.37 4439.46278  4439.4614   4.0 1 1 
	       1297.37 4439.12579  4439.1237   4.0 1 1 
	       1307.41 4438.74931  4438.7464   4.0 1 1 
	       1353.96 4436.99725  4436.9961   4.0 1 1 
	       1372.88 4436.28257  4436.2844   4.0 1 1 
	       1437.21 4433.83881   4433.838   4.0 1 1 
	       1446.24 4433.49421  4433.4907   4.0 1 1 
	       1460.16 4432.96225  4432.9628   4.0 1 1 
	       1478.70  4432.2525  4432.2523   4.0 1 1 
	       1511.39 4430.99673  4430.9963   4.0 1 1 
	       1532.35 4430.18881   4430.189   4.0 1 1 
	       1640.19  4426.0001  4426.0011   4.0 1 1 
	       1670.07 4424.82994  4424.8373   4.0 1 1 
	       1698.34 4423.71891  4423.7202   4.0 1 1 
	       1740.70 4422.04719  4422.0479   4.0 1 1 
	       1753.43 4421.54336  4421.5439   4.0 1 1 
	       1786.19 4420.24287  4420.2571   4.0 1 0 
	       1871.22 4416.84461  4416.8447   4.0 1 1 
	       1886.31 4416.23815   4416.237   4.0 1 1 
	       1929.69 4414.48885  4414.4863   4.0 1 1 
	function chebyshev
	order 5
	sample *
	naverage 1
	niterate 2000
	low_reject 3.
	high_reject 3.
	grow 0.
	coefficients	9
		1.
		5.
		11.681077003479
		1929.69091796875
		4450.010910640316
		-34.42817713999468
		-1.097315302358389
		6.022557810388053E-4
		0.002824769836067775

# Fri 10:49:31 11-Mar-2022
begin	identify iazcomp.0010 - Ap 10
	id	iazcomp.0010
	task	identify
	image	iazcomp.0010 - Ap 10
	aperture	10
	aplow	1070.02
	aphigh	1078.09
	units	Angstroms
	features	41
	         45.31 4481.81003  4481.8107   4.0 1 1 
	        146.41 4478.59412  4478.5958   4.0 1 1 
	        250.82 4475.22319  4475.2214   4.0 1 1 
	        265.00 4474.76153  4474.7594   4.0 1 1 
	        379.77 4470.99003  4470.9906   4.0 1 1 
	        423.80 4469.52663  4469.5253   4.0 1 1 
	        459.90 4468.32003  4468.3208   4.0 1 1 
	        548.27  4465.3401  4465.3406   4.0 1 1 
	        597.41 4463.66708   4463.666   4.0 1 1 
	        659.74 4461.52822  4461.5278   4.0 1 1 
	        687.89 4460.55631  4460.5574   4.0 1 1 
	        761.40 4458.00011  4458.0015   4.0 1 1 
	        915.31 4452.56419  4452.5655   4.0 1 1 
	       1000.17 4449.51848  4449.5206   4.0 1 1 
	       1017.87 4448.87867  4448.8792   4.0 1 1 
	       1046.68 4447.83441  4447.8346   4.0 1 1 
	       1063.30 4447.23026  4447.2296   4.0 1 1 
	       1099.81 4445.89803  4445.9012   4.0 1 1 
	       1160.55 4443.66784  4443.6657   4.0 1 1 
	       1176.31 4443.08627  4443.0863   4.0 1 1 
	       1216.14 4441.61079  4441.6084   4.0 1 1 
	       1236.16 4440.86648  4440.8659   4.0 1 1 
	       1244.06 4440.57226  4440.5737   4.0 1 1 
	       1262.66 4439.87852  4439.8793   4.0 1 1 
	       1273.81 4439.46165  4439.4614   4.0 1 1 
	       1282.83 4439.12419  4439.1237   4.0 1 1 
	       1292.84 4438.74891  4438.7464   4.0 1 1 
	       1339.36 4436.99941  4436.9961   4.0 1 1 
	       1422.72  4433.8387   4433.838   4.0 1 1 
	       1431.78 4433.49346  4433.4907   4.0 1 1 
	       1445.69 4432.96195  4432.9628   4.0 1 1 
	       1464.25 4432.25172  4432.2523   4.0 1 1 
	       1496.97 4430.99573  4430.9963   4.0 1 1 
	       1517.94 4430.18842   4430.189   4.0 1 1 
	       1625.83 4426.00032  4426.0011   4.0 1 1 
	       1684.06 4423.71774  4423.7202   4.0 1 1 
	       1726.43 4422.04664  4422.0479   4.0 1 1 
	       1739.18 4421.54225  4421.5439   4.0 1 1 
	       1857.01 4416.84547  4416.8447   4.0 1 1 
	       1872.19 4416.23584   4416.237   4.0 1 1 
	       1915.53 4414.48911  4414.4863   4.0 1 1 
	function chebyshev
	order 5
	sample *
	naverage 1
	niterate 2000
	low_reject 3.
	high_reject 3.
	grow 0.
	coefficients	9
		1.
		5.
		45.31381988525391
		1915.533325195312
		4449.187496952626
		-33.66154539005815
		-1.040347353814979
		0.001087127736143911
		0.002418786861239559

# Tue 15:08:26 29-Mar-2022
begin	identify iazcomp.0010 - Ap 10
	id	iazcomp.0010
	task	identify
	image	iazcomp.0010 - Ap 10
	aperture	10
	aplow	1070.02
	aphigh	1078.09
	units	Angstroms
	features	41
	         46.00 4481.80929  4481.8107   4.0 1 1 
	        147.04 4478.59565  4478.5958   4.0 1 1 
	        251.53 4475.22248  4475.2214   4.0 1 1 
	        265.69 4474.76136  4474.7594   4.0 1 1 
	        380.43 4470.99082  4470.9906   4.0 1 1 
	        424.49 4469.52634  4469.5253   4.0 1 1 
	        460.57 4468.32026  4468.3208   4.0 1 1 
	        548.95 4465.33981  4465.3406   4.0 1 1 
	        598.12 4463.66564   4463.666   4.0 1 1 
	        660.41 4461.52815  4461.5278   4.0 1 1 
	        688.54 4460.55671  4460.5574   4.0 1 1 
	        762.04 4458.00063  4458.0015   4.0 1 1 
	        915.94 4452.56442  4452.5655   4.0 1 1 
	       1000.76 4449.51952  4449.5206   4.0 1 1 
	       1018.49 4448.87898  4448.8792   4.0 1 1 
	       1047.33 4447.83315  4447.8346   4.0 1 1 
	       1063.93 4447.22969  4447.2296   4.0 1 1 
	       1100.41 4445.89814  4445.9012   4.0 1 1 
	       1161.15 4443.66766  4443.6657   4.0 1 1 
	       1176.93 4443.08525  4443.0863   4.0 1 1 
	       1216.70 4441.61228  4441.6084   4.0 1 1 
	       1236.76 4440.86621  4440.8659   4.0 1 1 
	       1244.63 4440.57305  4440.5737   4.0 1 1 
	       1263.24 4439.87845  4439.8793   4.0 1 1 
	       1274.39  4439.4618  4439.4614   4.0 1 1 
	       1283.38 4439.12515  4439.1237   4.0 1 1 
	       1293.41  4438.7494  4438.7464   4.0 1 1 
	       1339.98 4436.99759  4436.9961   4.0 1 1 
	       1423.30 4433.83822   4433.838   4.0 1 1 
	       1432.30 4433.49496  4433.4907   4.0 1 1 
	       1446.27 4432.96128  4432.9628   4.0 1 1 
	       1464.81 4432.25169  4432.2523   4.0 1 1 
	       1497.52 4430.99576  4430.9963   4.0 1 1 
	       1518.50 4430.18794   4430.189   4.0 1 1 
	       1626.39 4425.99949  4426.0011   4.0 1 1 
	       1684.58 4423.71816  4423.7202   4.0 1 1 
	       1726.98 4422.04582  4422.0479   4.0 1 1 
	       1739.70 4421.54269  4421.5439   4.0 1 1 
	       1857.52 4416.84576  4416.8447   4.0 1 1 
	       1872.64  4416.2383   4416.237   4.0 1 1 
	       1916.10 4414.48712  4414.4863   4.0 1 1 
	function chebyshev
	order 5
	sample *
	naverage 1
	niterate 2000
	low_reject 3.
	high_reject 3.
	grow 0.
	coefficients	9
		1.
		5.
		46.00055694580078
		1916.098876953125
		4449.186801937247
		-33.66268716010575
		-1.04102068209757
		0.001603167556918932
		0.002426544929501536

# Mon 11:32:54 30-Jan-2023
begin	identify iazcomp.0010 - Ap 10
	id	iazcomp.0010
	task	identify
	image	iazcomp.0010 - Ap 10
	aperture	10
	aplow	1070.02
	aphigh	1078.09
	units	Angstroms
	features	48
	         50.16 4481.81014  4481.8107   4.0 1 1 
	        151.27 4478.59442  4478.5958   4.0 1 1 
	        255.72 4475.22274  4475.2214   4.0 1 1 
	        269.89 4474.76142  4474.7594   4.0 1 1 
	        384.72 4470.98874  4470.9906   4.0 1 1 
	        428.74 4469.52576  4469.5253   4.0 1 1 
	        464.77 4468.32182  4468.3208   4.0 1 1 
	        553.21 4465.33985  4465.3406   4.0 1 1 
	        602.34 4463.66765   4463.666   4.0 1 1 
	        664.68 4461.52877  4461.5278   4.0 1 1 
	        692.82 4460.55716  4460.5574   4.0 1 1 
	        745.04 4458.74458  4458.7384   4.0 1 1 
	        766.35 4458.00083  4458.0015   4.0 1 1 
	        788.35 4457.23085  4457.2362   4.0 1 1 
	        803.32 4456.70569   4456.708   4.0 1 1 
	        920.28 4452.56544  4452.5655   4.0 1 1 
	        969.61 4450.79931   4450.804   4.0 1 1 
	       1005.16 4449.51938  4449.5206   4.0 1 1 
	       1022.87 4448.87947  4448.8792   4.0 1 1 
	       1051.69 4447.83471  4447.8346   4.0 1 1 
	       1068.31 4447.23071  4447.2296   4.0 1 1 
	       1104.81 4445.89908  4445.9012   4.0 1 1 
	       1128.59 4445.02807  4445.0338   4.0 1 1 
	       1165.55 4443.66895  4443.6657   4.0 1 1 
	       1181.35 4443.08627  4443.0863   4.0 1 1 
	       1221.13   4441.613  4441.6084   4.0 1 1 
	       1241.18 4440.86753  4440.8659   4.0 1 1 
	       1249.10 4440.57289  4440.5737   4.0 1 1 
	       1267.70 4439.87894  4439.8793   4.0 1 1 
	       1278.84 4439.46259  4439.4614   4.0 1 1 
	       1287.87 4439.12458  4439.1237   4.0 1 1 
	       1297.88 4438.74952  4438.7464   4.0 1 1 
	       1344.45 4436.99832  4436.9961   4.0 1 1 
	       1363.41 4436.28262  4436.2844   4.0 1 1 
	       1427.78 4433.83924   4433.838   4.0 1 1 
	       1436.82 4433.49429  4433.4907   4.0 1 1 
	       1450.75 4432.96243  4432.9628   4.0 1 1 
	       1469.32  4432.2521  4432.2523   4.0 1 1 
	       1502.04 4430.99627  4430.9963   4.0 1 1 
	       1523.00 4430.18878   4430.189   4.0 1 1 
	       1630.92 4426.00037  4426.0011   4.0 1 1 
	       1660.76 4424.83242  4424.8373   4.0 1 1 
	       1689.13  4423.7184  4423.7202   4.0 1 1 
	       1731.51 4422.04693  4422.0479   4.0 1 1 
	       1744.25 4421.54292  4421.5439   4.0 1 1 
	       1862.11 4416.84465  4416.8447   4.0 1 1 
	       1877.20 4416.23862   4416.237   4.0 1 1 
	       1920.64 4414.48799  4414.4863   4.0 1 1 
	function chebyshev
	order 5
	sample *
	naverage 1
	niterate 2000
	low_reject 3.
	high_reject 3.
	grow 0.
	coefficients	9
		1.
		5.
		50.15987396240234
		1920.640747070312
		4449.187913211176
		-33.66178339333431
		-1.041199608094612
		7.081847121074901E-4
		0.002348814357931453

# Mon 13:56:45 06-Feb-2023
begin	identify iazcomp.0010 - Ap 10
	id	iazcomp.0010
	task	identify
	image	iazcomp.0010 - Ap 10
	aperture	10
	aplow	1070.02
	aphigh	1078.09
	units	Angstroms
	features	48
	         49.32 4481.80938  4481.8107   4.0 1 1 
	        150.34 4478.59546  4478.5958   4.0 1 1 
	        254.83 4475.22174  4475.2214   4.0 1 1 
	        268.98  4474.7609  4474.7594   4.0 1 1 
	        383.63 4470.99313  4470.9906   4.0 1 1 
	        427.79 4469.52556  4469.5253   4.0 1 1 
	        463.85 4468.32018  4468.3208   4.0 1 1 
	        552.23 4465.33963  4465.3406   4.0 1 1 
	        601.34 4463.66759   4463.666   4.0 1 1 
	        663.69 4461.52788  4461.5278   4.0 1 1 
	        691.82 4460.55649  4460.5574   4.0 1 1 
	        744.12 4458.74036  4458.7384   4.0 1 1 
	        765.32 4458.00061  4458.0015   4.0 1 1 
	        787.25 4457.23284  4457.2362   4.0 1 1 
	        802.17 4456.70935   4456.708   4.0 1 1 
	        919.20 4452.56525  4452.5655   4.0 1 1 
	        968.55 4450.79774   4450.804   4.0 1 1 
	       1004.06 4449.51875  4449.5206   4.0 1 1 
	       1021.74  4448.8798  4448.8792   4.0 1 1 
	       1050.60 4447.83332  4447.8346   4.0 1 1 
	       1067.21 4447.22947  4447.2296   4.0 1 1 
	       1103.64  4445.8997  4445.9012   4.0 1 1 
	       1127.37  4445.0305  4445.0338   4.0 1 1 
	       1164.34 4443.67049  4443.6657   4.0 1 1 
	       1180.15 4443.08672  4443.0863   4.0 1 1 
	       1219.95  4441.6125  4441.6084   4.0 1 1 
	       1239.98 4440.86756  4440.8659   4.0 1 1 
	       1247.87 4440.57354  4440.5737   4.0 1 1 
	       1266.48 4439.87926  4439.8793   4.0 1 1 
	       1277.62 4439.46283  4439.4614   4.0 1 1 
	       1286.64 4439.12496  4439.1237   4.0 1 1 
	       1296.67 4438.74907  4438.7464   4.0 1 1 
	       1343.23 4436.99759  4436.9961   4.0 1 1 
	       1362.18 4436.28188  4436.2844   4.0 1 1 
	       1426.51 4433.83923   4433.838   4.0 1 1 
	       1435.55 4433.49433  4433.4907   4.0 1 1 
	       1449.46 4432.96301  4432.9628   4.0 1 1 
	       1468.03 4432.25201  4432.2523   4.0 1 1 
	       1500.74 4430.99631  4430.9963   4.0 1 1 
	       1521.70 4430.18858   4430.189   4.0 1 1 
	       1629.59 4426.00003  4426.0011   4.0 1 1 
	       1659.43 4424.83203  4424.8373   4.0 1 1 
	       1687.76 4423.71904  4423.7202   4.0 1 1 
	       1730.18 4422.04589  4422.0479   4.0 1 1 
	       1742.89 4421.54304  4421.5439   4.0 1 1 
	       1860.73 4416.84528  4416.8447   4.0 1 1 
	       1875.86 4416.23749   4416.237   4.0 1 1 
	       1919.25 4414.48891  4414.4863   4.0 1 1 
	function chebyshev
	order 5
	sample *
	naverage 1
	niterate 2000
	low_reject 3.
	high_reject 3.
	grow 0.
	coefficients	9
		1.
		5.
		49.3220100402832
		1919.252319335937
		4449.187512032433
		-33.66155995996367
		-1.041263378912676
		0.001326038791294052
		0.00289963123523582

