# Tue 22:42:37 07-Sep-2021
begin	identify iazcomp.0024 - Ap 24
	id	iazcomp.0024
	task	identify
	image	iazcomp.0024 - Ap 24
	aperture	24
	aplow	1305.81
	aphigh	1315.64
	units	Angstroms
	features	38
	         10.51 5434.14921  5434.1514   4.0 1 1 
	         89.91 5431.11353   5431.112   4.0 1 1 
	        211.20  5426.4076  5426.4075   4.0 1 1 
	        229.70  5425.6825  5425.6783   4.0 1 1 
	        327.08 5421.83267  5421.8359   4.0 1 1 
	        394.75 5419.12532  5419.1285   4.0 1 1 
	        435.34 5417.48869  5417.4858   4.0 1 1 
	        599.55 5410.76979  5410.7687   4.0 1 1 
	        674.44 5407.65331  5407.6535   4.0 1 1 
	        695.80 5406.75867  5406.7553   4.0 1 1 
	        780.17 5403.19812  5403.1993   4.0 1 1 
	        794.12 5402.60526  5402.6048   4.0 1 1 
	        851.79 5400.14286  5400.1455   4.0 1 1 
	        864.00 5399.61887  5399.6218   4.0 1 1 
	        874.39 5399.17272  5399.1745   4.0 1 1 
	        912.80 5397.51642   5397.516   4.0 1 1 
	        976.30 5394.76009  5394.7608   4.0 1 1 
	       1026.34 5392.57139  5392.5726   4.0 1 1 
	       1128.63  5388.0515  5388.0507   4.0 1 1 
	       1160.94 5386.61103  5386.6107   4.0 1 1 
	       1218.35 5384.03708  5384.0356   4.0 1 1 
	       1242.87 5382.93168  5382.9276   4.0 1 1 
	       1277.38 5381.37004  5381.3709   4.0 1 1 
	       1327.03 5379.11125  5379.1105   4.0 1 1 
	       1392.08 5376.13091  5376.1304   4.0 1 1 
	       1399.95 5375.76827  5375.7688   4.0 1 1 
	       1408.95 5375.35385  5375.3526   4.0 1 1 
	       1420.45 5374.82292  5374.8219   4.0 1 1 
	       1449.19 5373.49358  5373.4943   4.0 1 1 
	       1466.22 5372.70379  5372.7027   4.0 1 1 
	       1509.07 5370.70897  5370.7096   4.0 1 1 
	       1681.53 5362.57395  5362.5751   4.0 1 1 
	       1711.28 5361.15324  5361.1556   4.0 1 1 
	       1732.27 5360.14825  5360.1501   4.0 1 1 
	       1825.90 5355.63485  5355.6365   4.0 1 1 
	       1847.19  5354.6019  5354.6016   4.0 1 1 
	       1903.86 5351.83992  5351.8365   4.0 1 1 
	       1961.64 5349.00531  5349.0054   4.0 1 1 
	function chebyshev
	order 5
	sample *
	naverage 1
	niterate 2000
	low_reject 3.
	high_reject 3.
	grow 0.
	coefficients	9
		1.
		5.
		10.50887393951416
		1961.642700195312
		5392.952537346558
		-42.57550680828751
		-1.378156375420286
		0.003556395889606357
		0.002881152192914831

# Fri 10:57:11 11-Mar-2022
begin	identify iazcomp.0024 - Ap 24
	id	iazcomp.0024
	task	identify
	image	iazcomp.0024 - Ap 24
	aperture	24
	aplow	1305.81
	aphigh	1315.64
	units	Angstroms
	features	42
	         74.24 5431.11131   5431.112   4.0 1 1 
	        195.59 5426.40434  5426.4075   4.0 1 1 
	        214.09 5425.67944  5425.6783   4.0 1 1 
	        256.48 5424.01105  5424.0079   4.0 1 1 
	        419.76 5417.48768  5417.4858   4.0 1 1 
	        468.50 5415.51101  5415.5226   4.0 1 0 
	        584.05 5410.76865  5410.7687   4.0 1 1 
	        658.99 5407.65202  5407.6535   4.0 1 1 
	        666.32 5407.34519  5407.3439   4.0 1 1 
	        680.40 5406.75554  5406.7553   4.0 1 1 
	        764.76  5403.1973  5403.1993   4.0 1 1 
	        778.69  5402.6054  5402.6048   4.0 1 1 
	        836.35 5400.14507  5400.1455   4.0 1 1 
	        848.62 5399.61886  5399.6218   4.0 1 1 
	        859.02 5399.17197  5399.1745   4.0 1 1 
	        869.96 5398.70185  5398.7015   4.0 1 1 
	        897.43  5397.5171   5397.516   4.0 1 1 
	        960.99 5394.75979  5394.7608   4.0 1 1 
	        987.51 5393.60221  5393.5995   4.0 1 1 
	       1011.05 5392.57143  5392.5726   4.0 1 1 
	       1113.39 5388.05194  5388.0507   4.0 1 1 
	       1145.74 5386.61086  5386.6107   4.0 1 1 
	       1203.16 5384.03748  5384.0356   4.0 1 1 
	       1262.29 5381.36819  5381.3709   4.0 1 1 
	       1311.93 5379.11131  5379.1105   4.0 1 1 
	       1317.93 5378.83744  5378.8356   4.0 1 1 
	       1377.01 5376.13111  5376.1304   4.0 1 1 
	       1384.89  5375.7682  5375.7688   4.0 1 1 
	       1393.90 5375.35333  5375.3526   4.0 1 1 
	       1405.41 5374.82271  5374.8219   4.0 1 1 
	       1451.20  5372.7038  5372.7027   4.0 1 1 
	       1494.05 5370.70975  5370.7096   4.0 1 1 
	       1666.62 5362.57395  5362.5751   4.0 1 1 
	       1696.38 5361.15402  5361.1556   4.0 1 1 
	       1717.40 5360.14824  5360.1501   4.0 1 1 
	       1724.08 5359.82798  5359.8269   4.0 1 1 
	       1811.09 5355.63394  5355.6365   4.0 1 1 
	       1832.37  5354.6018  5354.6016   4.0 1 1 
	       1889.09 5351.83821  5351.8365   4.0 1 1 
	       1903.63 5351.12725  5351.1265   4.0 1 1 
	       1946.89 5349.00389  5349.0054   4.0 1 1 
	       1967.82  5347.9732  5347.9714   4.0 1 1 
	function chebyshev
	order 5
	sample *
	naverage 1
	niterate 2000
	low_reject 3.
	high_reject 3.
	grow 0.
	coefficients	9
		1.
		5.
		74.24234771728516
		1967.817993164062
		5390.835398659848
		-41.57242219015139
		-1.295473580667952
		0.003365951976168623
		0.002326763297021706

# Tue 15:32:09 29-Mar-2022
begin	identify iazcomp.0024 - Ap 24
	id	iazcomp.0024
	task	identify
	image	iazcomp.0024 - Ap 24
	aperture	24
	aplow	1305.81
	aphigh	1315.64
	units	Angstroms
	features	42
	         74.94 5431.11074   5431.112   4.0 1 1 
	        196.24 5426.40521  5426.4075   4.0 1 1 
	        214.76  5425.6797  5425.6783   4.0 1 1 
	        257.16 5424.01072  5424.0079   4.0 1 1 
	        420.43 5417.48723  5417.4858   4.0 1 1 
	        469.15 5415.51118  5415.5226   4.0 1 0 
	        584.70 5410.76849  5410.7687   4.0 1 1 
	        659.62 5407.65246  5407.6535   4.0 1 1 
	        666.93  5407.3463  5407.3439   4.0 1 1 
	        681.01 5406.75664  5406.7553   4.0 1 1 
	        765.37 5403.19778  5403.1993   4.0 1 1 
	        779.32 5402.60538  5402.6048   4.0 1 1 
	        837.03 5400.14222  5400.1455   4.0 1 1 
	        849.28 5399.61709  5399.6218   4.0 1 1 
	        859.64 5399.17197  5399.1745   4.0 1 1 
	        870.57 5398.70185  5398.7015   4.0 1 1 
	        898.04  5397.5172   5397.516   4.0 1 1 
	        961.59 5394.75975  5394.7608   4.0 1 1 
	        988.10 5393.60248  5393.5995   4.0 1 1 
	       1011.63 5392.57195  5392.5726   4.0 1 1 
	       1113.98 5388.05181  5388.0507   4.0 1 1 
	       1146.31 5386.61114  5386.6107   4.0 1 1 
	       1203.74  5384.0374  5384.0356   4.0 1 1 
	       1262.85 5381.36851  5381.3709   4.0 1 1 
	       1312.48 5379.11173  5379.1105   4.0 1 1 
	       1318.48 5378.83797  5378.8356   4.0 1 1 
	       1377.56 5376.13125  5376.1304   4.0 1 1 
	       1385.45 5375.76782  5375.7688   4.0 1 1 
	       1394.44  5375.3538  5375.3526   4.0 1 1 
	       1405.96 5374.82287  5374.8219   4.0 1 1 
	       1451.73 5372.70463  5372.7027   4.0 1 1 
	       1494.60 5370.70964  5370.7096   4.0 1 1 
	       1667.18 5362.57276  5362.5751   4.0 1 1 
	       1696.92 5361.15382  5361.1556   4.0 1 1 
	       1717.93 5360.14811  5360.1501   4.0 1 1 
	       1724.63 5359.82711  5359.8269   4.0 1 1 
	       1811.60 5355.63499  5355.6365   4.0 1 1 
	       1832.93  5354.6007  5354.6016   4.0 1 1 
	       1889.61 5351.83964  5351.8365   4.0 1 1 
	       1904.18 5351.12701  5351.1265   4.0 1 1 
	       1947.46 5349.00304  5349.0054   4.0 1 1 
	       1968.36 5347.97388  5347.9714   4.0 1 1 
	function chebyshev
	order 5
	sample *
	naverage 1
	niterate 2000
	low_reject 3.
	high_reject 3.
	grow 0.
	coefficients	9
		1.
		5.
		74.94059753417968
		1968.3603515625
		5390.834651059661
		-41.57247225380185
		-1.294975591316789
		0.004042033344976175
		0.00263495999699833

# Mon 11:37:01 30-Jan-2023
begin	identify iazcomp.0024 - Ap 24
	id	iazcomp.0024
	task	identify
	image	iazcomp.0024 - Ap 24
	aperture	24
	aplow	1305.81
	aphigh	1315.64
	units	Angstroms
	features	47
	         79.19 5431.11123   5431.112   4.0 1 1 
	        200.55 5426.40431  5426.4075   4.0 1 1 
	        219.06  5425.6792  5425.6783   4.0 1 1 
	        261.45 5424.01079  5424.0079   4.0 1 1 
	        316.46 5421.83052  5421.8359   4.0 1 1 
	        328.32 5421.35803  5421.3517   4.0 1 1 
	        424.74 5417.48773  5417.4858   4.0 1 1 
	        589.05 5410.76868  5410.7687   4.0 1 1 
	        663.99 5407.65231  5407.6535   4.0 1 1 
	        671.32 5407.34577  5407.3439   4.0 1 1 
	        685.42 5406.75506  5406.7553   4.0 1 1 
	        769.76 5403.19825  5403.1993   4.0 1 1 
	        783.72 5402.60556  5402.6048   4.0 1 1 
	        841.40 5400.14429  5400.1455   4.0 1 1 
	        853.67 5399.61863  5399.6218   4.0 1 1 
	        864.06 5399.17245  5399.1745   4.0 1 1 
	        875.00 5398.70193  5398.7015   4.0 1 1 
	        902.49   5397.517   5397.516   4.0 1 1 
	        966.03 5394.76063  5394.7608   4.0 1 1 
	        984.26 5393.96575  5393.9719   4.0 1 1 
	        992.57 5393.60257  5393.5995   4.0 1 1 
	       1016.10 5392.57217  5392.5726   4.0 1 1 
	       1118.49  5388.0517  5388.0507   4.0 1 1 
	       1150.83 5386.61125  5386.6107   4.0 1 1 
	       1208.28  5384.0373  5384.0356   4.0 1 1 
	       1232.84 5382.93141  5382.9276   4.0 1 1 
	       1267.38 5381.36953  5381.3709   4.0 1 1 
	       1317.07 5379.11114  5379.1105   4.0 1 1 
	       1323.08 5378.83698  5378.8356   4.0 1 1 
	       1368.12 5376.77584  5376.7809   4.0 1 1 
	       1382.15 5376.13135  5376.1304   4.0 1 1 
	       1390.02 5375.76902  5375.7688   4.0 1 1 
	       1399.03 5375.35446  5375.3526   4.0 1 1 
	       1410.55 5374.82325  5374.8219   4.0 1 1 
	       1456.33  5372.7047  5372.7027   4.0 1 1 
	       1499.21 5370.70987  5370.7096   4.0 1 1 
	       1671.78 5362.57474  5362.5751   4.0 1 1 
	       1701.54 5361.15448  5361.1556   4.0 1 1 
	       1722.54 5360.14936  5360.1501   4.0 1 1 
	       1729.26  5359.8271  5359.8269   4.0 1 1 
	       1816.23 5355.63444  5355.6365   4.0 1 1 
	       1837.54 5354.60083  5354.6016   4.0 1 1 
	       1894.25 5351.83746  5351.8365   4.0 1 1 
	       1908.77 5351.12677  5351.1265   4.0 1 1 
	       1952.07 5349.00093  5349.0054   4.0 1 1 
	       1972.98 5347.97056  5347.9714   4.0 1 1 
	       2005.10 5346.38328  5346.3778   4.0 1 1 
	function chebyshev
	order 5
	sample *
	naverage 1
	niterate 2000
	low_reject 3.
	high_reject 3.
	grow 0.
	coefficients	9
		1.
		5.
		79.1876983642578
		2005.103515625
		5390.085715330867
		-42.36640586033462
		-1.340470187043353
		0.002433233370776851
		0.002011551677987961

# Mon 13:57:15 06-Feb-2023
begin	identify iazcomp.0024 - Ap 24
	id	iazcomp.0024
	task	identify
	image	iazcomp.0024 - Ap 24
	aperture	24
	aplow	1305.81
	aphigh	1315.64
	units	Angstroms
	features	47
	         78.28 5431.11031   5431.112   4.0 1 1 
	        199.59 5426.40521  5426.4075   4.0 1 1 
	        218.10 5425.67958  5425.6783   4.0 1 1 
	        260.50 5424.01073  5424.0079   4.0 1 1 
	        315.52 5421.82973  5421.8359   4.0 1 1 
	        327.33 5421.35896  5421.3517   4.0 1 1 
	        423.75 5417.48781  5417.4858   4.0 1 1 
	        588.02 5410.76841  5410.7687   4.0 1 1 
	        662.95 5407.65151  5407.6535   4.0 1 1 
	        670.23 5407.34697  5407.3439   4.0 1 1 
	        684.34 5406.75583  5406.7553   4.0 1 1 
	        768.65 5403.19887  5403.1993   4.0 1 1 
	        782.64 5402.60447  5402.6048   4.0 1 1 
	        840.27 5400.14489  5400.1455   4.0 1 1 
	        852.56 5399.61776  5399.6218   4.0 1 1 
	        862.92 5399.17259  5399.1745   4.0 1 1 
	        873.86 5398.70223  5398.7015   4.0 1 1 
	        901.35 5397.51671   5397.516   4.0 1 1 
	        964.88 5394.75995  5394.7608   4.0 1 1 
	        983.13 5393.96369  5393.9719   4.0 1 1 
	        991.40 5393.60237  5393.5995   4.0 1 1 
	       1014.93 5392.57135  5392.5726   4.0 1 1 
	       1117.27 5388.05166  5388.0507   4.0 1 1 
	       1149.59 5386.61147  5386.6107   4.0 1 1 
	       1207.02 5384.03772  5384.0356   4.0 1 1 
	       1231.56 5382.93175  5382.9276   4.0 1 1 
	       1266.11 5381.36944  5381.3709   4.0 1 1 
	       1315.76 5379.11183  5379.1105   4.0 1 1 
	       1321.76 5378.83811  5378.8356   4.0 1 1 
	       1366.79 5376.77675  5376.7809   4.0 1 1 
	       1380.82 5376.13203  5376.1304   4.0 1 1 
	       1388.70 5375.76947  5375.7688   4.0 1 1 
	       1397.71  5375.3545  5375.3526   4.0 1 1 
	       1409.22 5374.82351  5374.8219   4.0 1 1 
	       1455.00 5372.70469  5372.7027   4.0 1 1 
	       1497.86  5370.7101  5370.7096   4.0 1 1 
	       1670.40 5362.57422  5362.5751   4.0 1 1 
	       1700.17 5361.15373  5361.1556   4.0 1 1 
	       1721.16 5360.14861  5360.1501   4.0 1 1 
	       1727.89 5359.82597  5359.8269   4.0 1 1 
	       1814.83 5355.63462  5355.6365   4.0 1 1 
	       1836.14 5354.60037  5354.6016   4.0 1 1 
	       1892.82 5351.83842  5351.8365   4.0 1 1 
	       1907.38 5351.12576  5351.1265   4.0 1 1 
	       1950.66 5349.00102  5349.0054   4.0 1 1 
	       1971.56 5347.97121  5347.9714   4.0 1 1 
	       2003.68 5346.38371  5346.3778   4.0 1 1 
	function chebyshev
	order 5
	sample *
	naverage 1
	niterate 2000
	low_reject 3.
	high_reject 3.
	grow 0.
	coefficients	9
		1.
		5.
		78.27824401855468
		2003.683715820313
		5390.084876457474
		-42.36703793355128
		-1.339872079569945
		0.003742112065095768
		0.002005250882565807

