# Tue 22:34:19 07-Sep-2021
begin	identify iazcomp.0008 - Ap 8
	id	iazcomp.0008
	task	identify
	image	iazcomp.0008 - Ap 8
	aperture	8
	aplow	1030.5
	aphigh	1038.19
	units	Angstroms
	features	40
	         99.28 4371.32791   4371.329   4.0 1 1 
	        117.83 4370.75266  4370.7532   4.0 1 1 
	        145.99 4369.87597  4369.8756   4.0 1 1 
	        211.20 4367.83228  4367.8316   4.0 1 1 
	        271.35 4365.93029  4365.9301   4.0 1 1 
	        391.87 4362.06877  4362.0662   4.0 1 1 
	        474.79 4359.37329  4359.3719   4.0 1 1 
	        506.93 4358.31991    4358.32   4.0 1 1 
	        528.46 4357.61168  4357.6132   4.0 1 1 
	        622.78 4354.48329  4354.4824   4.0 1 1 
	        653.79 4353.44568  4353.4487   4.0 1 1 
	        690.69 4352.20486  4352.2049   4.0 1 1 
	        747.80 4350.27252  4350.2717   4.0 1 1 
	        783.06 4349.07155  4349.0722   4.0 1 1 
	        796.90 4348.59855  4348.5982   4.0 1 1 
	        812.51 4348.06399   4348.064   4.0 1 1 
	        859.94 4346.43322  4346.4367   4.0 1 1 
	        896.53 4345.16771   4345.168   4.0 1 1 
	        920.75 4344.32639  4344.3265   4.0 1 1 
	        931.52 4343.95148  4343.9515   4.0 1 1 
	        974.67 4342.44389  4342.4442   4.0 1 1 
	       1018.68  4340.8975  4340.8954   4.0 1 1 
	       1120.69 4337.27763  4337.2774   4.0 1 1 
	       1174.78 4335.33844  4335.3379   4.0 1 1 
	       1224.00 4333.56221  4333.5612   4.0 1 1 
	       1266.20 4332.03021  4332.0297   4.0 1 1 
	       1288.93 4331.20124  4331.1995   4.0 1 1 
	       1310.54  4330.4115   4330.412   4.0 1 1 
	       1351.26 4328.91652  4328.9154   4.0 1 1 
	       1383.85 4327.71496  4327.7145   4.0 1 1 
	       1433.95 4325.85782  4325.8599   4.0 1 1 
	       1449.65 4325.27349  4325.2741   4.0 1 1 
	       1586.61 4320.12763  4320.1264   4.0 1 1 
	       1631.71 4318.41429  4318.4157   4.0 1 1 
	       1714.26 4315.25416  4315.2543   4.0 1 1 
	       1738.54  4314.3188  4314.3195   4.0 1 1 
	       1803.59 4311.79975  4311.7994   4.0 1 1 
	       1869.30 4309.23614  4309.2392   4.0 1 1 
	       1897.67 4308.12325   4308.122   4.0 1 1 
	       1921.69 4307.17808  4307.1762   4.0 1 1 
	function chebyshev
	order 5
	sample *
	naverage 1
	niterate 2000
	low_reject 3.
	high_reject 3.
	grow 0.
	coefficients	9
		1.
		5.
		99.28438568115234
		1921.688842773437
		4340.217581896956
		-32.07623750428579
		-0.9665334912299164
		0.001319186831641657
		0.001946240266912352

# Fri 10:46:23 11-Mar-2022
begin	identify iazcomp.0008 - Ap 8
	id	iazcomp.0008
	task	identify
	image	iazcomp.0008 - Ap 8
	aperture	8
	aplow	1030.5
	aphigh	1038.19
	units	Angstroms
	features	45
	         84.28  4371.3278   4371.329   4.0 1 1 
	        102.81 4370.75294  4370.7532   4.0 1 1 
	        131.04 4369.87438  4369.8756   4.0 1 1 
	        196.22 4367.83251  4367.8316   4.0 1 1 
	        256.35 4365.93136  4365.9301   4.0 1 1 
	        323.26 4363.79656  4363.7945   4.0 1 1 
	        376.98 4362.06788  4362.0662   4.0 1 1 
	        459.92 4359.37267  4359.3719   4.0 1 1 
	        492.03 4358.32046    4358.32   4.0 1 1 
	        513.59 4357.61157  4357.6132   4.0 1 1 
	        582.84  4355.3196  4355.3205   4.0 1 1 
	        607.91 4354.48436  4354.4824   4.0 1 1 
	        638.94 4353.44649  4353.4487   4.0 1 1 
	        675.89 4352.20469  4352.2049   4.0 1 1 
	        733.07 4350.27059  4350.2717   4.0 1 1 
	        768.28 4349.07203  4349.0722   4.0 1 1 
	        782.21 4348.59641  4348.5982   4.0 1 1 
	        797.76 4348.06411   4348.064   4.0 1 1 
	        845.20 4346.43375  4346.4367   4.0 1 1 
	        881.82 4345.16772   4345.168   4.0 1 1 
	        906.06 4344.32667  4344.3265   4.0 1 1 
	        916.80 4343.95293  4343.9515   4.0 1 1 
	        933.26  4343.3793  4343.3817   4.0 1 1 
	        960.01 4342.44423  4342.4442   4.0 1 1 
	       1004.05 4340.89741  4340.8954   4.0 1 1 
	       1106.11  4337.2781  4337.2774   4.0 1 1 
	       1111.90 4337.07119  4337.0708   4.0 1 1 
	       1160.23 4335.33898  4335.3379   4.0 1 1 
	       1209.50 4333.56209  4333.5612   4.0 1 1 
	       1243.22 4332.33916  4332.3395   4.0 1 1 
	       1251.69 4332.03118  4332.0297   4.0 1 1 
	       1274.45 4331.20189  4331.1995   4.0 1 1 
	       1336.82 4328.91717  4328.9154   4.0 1 1 
	       1369.49 4327.71341  4327.7145   4.0 1 1 
	       1419.58 4325.85789  4325.8599   4.0 1 1 
	       1435.29 4325.27354  4325.2741   4.0 1 1 
	       1572.34 4320.12778  4320.1264   4.0 1 1 
	       1617.48 4318.41419  4318.4157   4.0 1 1 
	       1700.06 4315.25492  4315.2543   4.0 1 1 
	       1724.36 4314.31955  4314.3195   4.0 1 1 
	       1758.68 4312.99353  4312.9975   4.0 1 1 
	       1789.47 4311.79975  4311.7994   4.0 1 1 
	       1855.20 4309.23664  4309.2392   4.0 1 1 
	       1883.56 4308.12478   4308.122   4.0 1 1 
	       1907.64 4307.17783  4307.1762   4.0 1 1 
	function chebyshev
	order 5
	sample *
	naverage 1
	niterate 2000
	low_reject 3.
	high_reject 3.
	grow 0.
	coefficients	9
		1.
		5.
		84.27547454833984
		1907.63818359375
		4340.215795680871
		-32.07593717230518
		-0.9647335260686669
		9.500931200739347E-4
		0.001753448596452952

# Tue 15:08:23 29-Mar-2022
begin	identify iazcomp.0008 - Ap 8
	id	iazcomp.0008
	task	identify
	image	iazcomp.0008 - Ap 8
	aperture	8
	aplow	1030.5
	aphigh	1038.19
	units	Angstroms
	features	45
	         84.98 4371.32801   4371.329   4.0 1 1 
	        103.53 4370.75277  4370.7532   4.0 1 1 
	        131.74 4369.87474  4369.8756   4.0 1 1 
	        196.93 4367.83242  4367.8316   4.0 1 1 
	        257.05 4365.93155  4365.9301   4.0 1 1 
	        324.04 4363.79396  4363.7945   4.0 1 1 
	        377.66 4362.06839  4362.0662   4.0 1 1 
	        460.57 4359.37389  4359.3719   4.0 1 1 
	        492.71 4358.32091    4358.32   4.0 1 1 
	        514.26 4357.61215  4357.6132   4.0 1 1 
	        583.48 4355.32074  4355.3205   4.0 1 1 
	        608.59 4354.48418  4354.4824   4.0 1 1 
	        639.65 4353.44518  4353.4487   4.0 1 1 
	        676.54 4352.20541  4352.2049   4.0 1 1 
	        733.70 4350.27162  4350.2717   4.0 1 1 
	        768.95 4349.07189  4349.0722   4.0 1 1 
	        782.92  4348.5945  4348.5982   4.0 1 1 
	        798.41 4348.06419   4348.064   4.0 1 1 
	        845.85 4346.43369  4346.4367   4.0 1 1 
	        882.45 4345.16837   4345.168   4.0 1 1 
	        906.70 4344.32666  4344.3265   4.0 1 1 
	        917.47 4343.95189  4343.9515   4.0 1 1 
	        933.91 4343.37875  4343.3817   4.0 1 1 
	        960.64 4342.44401  4342.4442   4.0 1 1 
	       1004.66 4340.89785  4340.8954   4.0 1 1 
	       1106.74 4337.27756  4337.2774   4.0 1 1 
	       1112.48 4337.07222  4337.0708   4.0 1 1 
	       1160.84 4335.33895  4335.3379   4.0 1 1 
	       1210.09 4333.56213  4333.5612   4.0 1 1 
	       1243.83 4332.33874  4332.3395   4.0 1 1 
	       1252.29 4332.03098  4332.0297   4.0 1 1 
	       1275.05 4331.20149  4331.1995   4.0 1 1 
	       1337.42 4328.91683  4328.9154   4.0 1 1 
	       1370.05 4327.71429  4327.7145   4.0 1 1 
	       1420.12 4325.85902  4325.8599   4.0 1 1 
	       1435.84 4325.27429  4325.2741   4.0 1 1 
	       1572.91 4320.12764  4320.1264   4.0 1 1 
	       1618.04 4318.41389  4318.4157   4.0 1 1 
	       1700.61 4315.25512  4315.2543   4.0 1 1 
	       1724.95 4314.31812  4314.3195   4.0 1 1 
	       1759.24 4312.99329  4312.9975   4.0 1 1 
	       1790.02 4311.79962  4311.7994   4.0 1 1 
	       1855.73 4309.23734  4309.2392   4.0 1 1 
	       1884.11 4308.12456   4308.122   4.0 1 1 
	       1908.18 4307.17818  4307.1762   4.0 1 1 
	function chebyshev
	order 5
	sample *
	naverage 1
	niterate 2000
	low_reject 3.
	high_reject 3.
	grow 0.
	coefficients	9
		1.
		5.
		84.98118591308593
		1908.181762695313
		4340.215915946962
		-32.07623952560746
		-0.9646324430707805
		0.001328200865806157
		0.001810219393356983

# Mon 11:32:28 30-Jan-2023
begin	identify iazcomp.0008 - Ap 8
	id	iazcomp.0008
	task	identify
	image	iazcomp.0008 - Ap 8
	aperture	8
	aplow	1030.5
	aphigh	1038.19
	units	Angstroms
	features	40
	         89.14 4371.32819   4371.329   4.0 1 1 
	        107.68 4370.75293  4370.7532   4.0 1 1 
	        135.88 4369.87525  4369.8756   4.0 1 1 
	        201.08 4367.83266  4367.8316   4.0 1 1 
	        261.26 4365.92987  4365.9301   4.0 1 1 
	        328.19 4363.79477  4363.7945   4.0 1 1 
	        381.84 4362.06808  4362.0662   4.0 1 1 
	        464.79 4359.37286  4359.3719   4.0 1 1 
	        496.92 4358.32036    4358.32   4.0 1 1 
	        518.45 4357.61239  4357.6132   4.0 1 1 
	        612.81 4354.48423  4354.4824   4.0 1 1 
	        643.88 4353.44525  4353.4487   4.0 1 1 
	        680.81 4352.20442  4352.2049   4.0 1 1 
	        737.88 4350.27435  4350.2717   4.0 1 1 
	        773.23 4349.07119  4349.0722   4.0 1 1 
	        787.12 4348.59675  4348.5982   4.0 1 1 
	        802.70 4348.06362   4348.064   4.0 1 1 
	        850.14 4346.43356  4346.4367   4.0 1 1 
	        886.75 4345.16825   4345.168   4.0 1 1 
	        921.78 4343.95145  4343.9515   4.0 1 1 
	        964.97 4342.44374  4342.4442   4.0 1 1 
	       1009.00 4340.89735  4340.8954   4.0 1 1 
	       1111.09 4337.27752  4337.2774   4.0 1 1 
	       1165.22 4335.33842  4335.3379   4.0 1 1 
	       1214.49 4333.56175  4333.5612   4.0 1 1 
	       1248.24 4332.33808  4332.3395   4.0 1 1 
	       1256.69 4332.03064  4332.0297   4.0 1 1 
	       1279.46 4331.20116  4331.1995   4.0 1 1 
	       1341.85 4328.91618  4328.9154   4.0 1 1 
	       1424.56 4325.85898  4325.8599   4.0 1 1 
	       1440.28 4325.27456  4325.2741   4.0 1 1 
	       1577.36 4320.12843  4320.1264   4.0 1 1 
	       1622.52 4318.41427  4318.4157   4.0 1 1 
	       1705.10 4315.25546  4315.2543   4.0 1 1 
	       1729.43 4314.31901  4314.3195   4.0 1 1 
	       1763.74 4312.99388  4312.9975   4.0 1 1 
	       1794.56 4311.79924  4311.7994   4.0 1 1 
	       1860.29 4309.23648  4309.2392   4.0 1 1 
	       1888.68  4308.1237   4308.122   4.0 1 1 
	       1912.72 4307.17872  4307.1762   4.0 1 1 
	function chebyshev
	order 5
	sample *
	naverage 1
	niterate 2000
	low_reject 3.
	high_reject 3.
	grow 0.
	coefficients	9
		1.
		5.
		89.13529968261718
		1912.720581054688
		4340.215597486535
		-32.07562176813576
		-0.9640878661643921
		8.867991130191552E-4
		0.001943989224534876

# Mon 13:56:42 06-Feb-2023
begin	identify iazcomp.0008 - Ap 8
	id	iazcomp.0008
	task	identify
	image	iazcomp.0008 - Ap 8
	aperture	8
	aplow	1030.5
	aphigh	1038.19
	units	Angstroms
	features	40
	         88.28  4371.3274   4371.329   4.0 1 1 
	        106.84 4370.75207  4370.7532   4.0 1 1 
	        134.98 4369.87658  4369.8756   4.0 1 1 
	        200.22 4367.83284  4367.8316   4.0 1 1 
	        260.37 4365.93123  4365.9301   4.0 1 1 
	        327.37 4363.79353  4363.7945   4.0 1 1 
	        380.95 4362.06891  4362.0662   4.0 1 1 
	        463.90 4359.37292  4359.3719   4.0 1 1 
	        495.99 4358.32131    4358.32   4.0 1 1 
	        517.58 4357.61102  4357.6132   4.0 1 1 
	        611.95 4354.48158  4354.4824   4.0 1 1 
	        642.91 4353.44575  4353.4487   4.0 1 1 
	        679.81 4352.20527  4352.2049   4.0 1 1 
	        736.86 4350.27518  4350.2717   4.0 1 1 
	        772.21 4349.07167  4349.0722   4.0 1 1 
	        786.13 4348.59621  4348.5982   4.0 1 1 
	        801.67   4348.064   4348.064   4.0 1 1 
	        849.11 4346.43308  4346.4367   4.0 1 1 
	        885.70  4345.1679   4345.168   4.0 1 1 
	        920.70 4343.95197  4343.9515   4.0 1 1 
	        963.90 4342.44317  4342.4442   4.0 1 1 
	       1007.89 4340.89769  4340.8954   4.0 1 1 
	       1109.95 4337.27765  4337.2774   4.0 1 1 
	       1164.07 4335.33831  4335.3379   4.0 1 1 
	       1213.31 4333.56187  4333.5612   4.0 1 1 
	       1247.03 4332.33891  4332.3395   4.0 1 1 
	       1255.53 4332.02984  4332.0297   4.0 1 1 
	       1278.27 4331.20119  4331.1995   4.0 1 1 
	       1340.62  4328.9168  4328.9154   4.0 1 1 
	       1423.32 4325.85905  4325.8599   4.0 1 1 
	       1439.04 4325.27427  4325.2741   4.0 1 1 
	       1576.09 4320.12809  4320.1264   4.0 1 1 
	       1621.22 4318.41446  4318.4157   4.0 1 1 
	       1703.79 4315.25501  4315.2543   4.0 1 1 
	       1728.10 4314.31911  4314.3195   4.0 1 1 
	       1762.41 4312.99359  4312.9975   4.0 1 1 
	       1793.20 4311.79926  4311.7994   4.0 1 1 
	       1858.90 4309.23689  4309.2392   4.0 1 1 
	       1887.29 4308.12378   4308.122   4.0 1 1 
	       1911.32 4307.17865  4307.1762   4.0 1 1 
	function chebyshev
	order 5
	sample *
	naverage 1
	niterate 2000
	low_reject 3.
	high_reject 3.
	grow 0.
	coefficients	9
		1.
		5.
		88.28453826904297
		1911.320434570313
		4340.21642896897
		-32.07597082720395
		-0.9647744017515894
		0.001595339056934986
		0.001369087656548661

