# Tue 22:39:08 07-Sep-2021
begin	identify iazcomp.0013 - Ap 13
	id	iazcomp.0013
	task	identify
	image	iazcomp.0013 - Ap 13
	aperture	13
	aplow	1126.11
	aphigh	1134.88
	units	Angstroms
	features	29
	         13.81 4657.89855  4657.9012   4.0 1 1 
	         95.89 4655.21048  4655.2126   4.0 1 1 
	        192.76  4651.9947  4651.9895   4.0 1 1 
	        333.00 4647.25592  4647.2509   4.0 1 1 
	        349.77 4646.68267  4646.6861   4.0 1 1 
	        440.49  4643.5575  4643.5566   4.0 1 1 
	        579.59 4638.68574  4638.6849   4.0 1 1 
	        595.41 4638.12541  4638.1259   4.0 1 1 
	        620.54 4637.23303  4637.2328   4.0 1 1 
	        863.59 4628.43993  4628.4409   4.0 1 1 
	        894.63 4627.29568   4627.298   4.0 1 1 
	        975.05 4624.30913   4624.314   4.0 1 1 
	       1211.72 4615.33369   4615.334   4.0 1 1 
	       1219.71 4615.02593   4615.024   4.0 1 1 
	       1256.49 4613.60471  4613.6044   4.0 1 1 
	       1283.77 4612.54653  4612.5435   4.0 1 1 
	       1301.51 4611.85615  4611.8597   4.0 1 1 
	       1360.01 4609.56894  4609.5673   4.0 1 1 
	       1384.12 4608.62123  4608.6201   4.0 1 1 
	       1401.56 4607.93382  4607.9347   4.0 1 1 
	       1522.05 4603.14486  4603.1446   4.0 1 1 
	       1607.42 4599.70855  4599.7046   4.0 1 1 
	       1630.72 4598.76401  4598.7627   4.0 1 1 
	       1712.69 4595.42127  4595.4206   4.0 1 1 
	       1756.07 4593.63886  4593.6437   4.0 1 1 
	       1779.64 4592.66627   4592.666   4.0 1 1 
	       1846.40 4589.89723  4589.8978   4.0 1 1 
	       1861.47 4589.26911  4589.2668   4.0 1 1 
	       1881.70 4588.42411  4588.4261   4.0 1 1 
	function chebyshev
	order 4
	sample *
	naverage 1
	niterate 2000
	low_reject 3.
	high_reject 3.
	grow 0.
	coefficients	8
		1.
		4.
		13.81164264678955
		1881.70166015625
		4624.243823260743
		-34.738843247218
		-1.082494061175825
		0.001619055143745356

# Fri 10:52:24 11-Mar-2022
begin	identify iazcomp.0013 - Ap 13
	id	iazcomp.0013
	task	identify
	image	iazcomp.0013 - Ap 13
	aperture	13
	aplow	1126.11
	aphigh	1134.88
	units	Angstroms
	features	39
	        177.51 4651.98697  4651.9895   4.0 1 1 
	        190.44  4651.5546  4651.5552   4.0 1 1 
	        229.75 4650.23547  4650.2343   4.0 1 1 
	        317.83 4647.25146  4647.2509   4.0 1 1 
	        391.93 4644.71089  4644.7072   4.0 1 1 
	        425.34 4643.55606  4643.5566   4.0 1 1 
	        526.01 4640.04305  4640.0462   4.0 1 1 
	        540.88 4639.52007  4639.5188   4.0 1 1 
	        564.52 4638.68583  4638.6849   4.0 1 1 
	        580.33 4638.12641  4638.1259   4.0 1 1 
	        605.47 4637.23436  4637.2328   4.0 1 1 
	        848.66 4628.44147  4628.4409   4.0 1 1 
	        855.16 4628.20248  4628.2015   4.0 1 1 
	        879.73 4627.29714   4627.298   4.0 1 1 
	        928.49 4625.49113  4625.4938   4.0 1 1 
	        940.29 4625.05203  4625.0538   4.0 1 1 
	        960.19 4624.31065   4624.314   4.0 1 1 
	       1068.44 4620.24175  4620.2408   4.0 1 1 
	       1196.99 4615.33429   4615.334   4.0 1 1 
	       1205.02 4615.02511   4615.024   4.0 1 1 
	       1241.79 4613.60495  4613.6044   4.0 1 1 
	       1269.12 4612.54506  4612.5435   4.0 1 1 
	       1286.81 4611.85721  4611.8597   4.0 1 1 
	       1318.32 4610.62785  4610.6272   4.0 1 1 
	       1345.34 4609.56988  4609.5673   4.0 1 1 
	       1369.46   4608.622  4608.6201   4.0 1 1 
	       1386.96 4607.93284  4607.9347   4.0 1 1 
	       1401.08 4607.37574   4607.378   4.0 1 1 
	       1507.49 4603.14472  4603.1446   4.0 1 1 
	       1513.94 4602.88652  4602.8862   4.0 1 1 
	       1592.91  4599.7082  4599.7046   4.0 1 1 
	       1616.24 4598.76319  4598.7627   4.0 1 1 
	       1681.72 4596.09727  4596.0967   4.0 1 1 
	       1698.27 4595.41992  4595.4206   4.0 1 1 
	       1741.62 4593.63997  4593.6437   4.0 1 1 
	       1765.26 4592.66505   4592.666   4.0 1 1 
	       1832.05 4589.89703  4589.8978   4.0 1 1 
	       1847.07  4589.2713  4589.2668   4.0 1 1 
	       1867.38 4588.42386  4588.4261   4.0 1 1 
	function chebyshev
	order 4
	sample *
	naverage 1
	niterate 2000
	low_reject 3.
	high_reject 3.
	grow 0.
	coefficients	8
		1.
		4.
		177.5083465576172
		1867.378540039063
		4621.091542383283
		-31.78434282659446
		-0.8861289103772074
		0.002788907582434024

# Tue 15:08:31 29-Mar-2022
begin	identify iazcomp.0013 - Ap 13
	id	iazcomp.0013
	task	identify
	image	iazcomp.0013 - Ap 13
	aperture	13
	aplow	1126.11
	aphigh	1134.88
	units	Angstroms
	features	39
	        178.26 4651.98561  4651.9895   4.0 1 1 
	        191.13  4651.5555  4651.5552   4.0 1 1 
	        230.46 4650.23548  4650.2343   4.0 1 1 
	        318.50 4647.25234  4647.2509   4.0 1 1 
	        392.59 4644.71192  4644.7072   4.0 1 1 
	        426.06 4643.55501  4643.5566   4.0 1 1 
	        526.69 4640.04284  4640.0462   4.0 1 1 
	        541.57 4639.51913  4639.5188   4.0 1 1 
	        565.15 4638.68726  4638.6849   4.0 1 1 
	        581.01 4638.12598  4638.1259   4.0 1 1 
	        606.13 4637.23449  4637.2328   4.0 1 1 
	        849.30 4628.44121  4628.4409   4.0 1 1 
	        855.81 4628.20161  4628.2015   4.0 1 1 
	        880.34 4627.29741   4627.298   4.0 1 1 
	        929.05  4625.4931  4625.4938   4.0 1 1 
	        941.01 4625.04792  4625.0538   4.0 1 1 
	        960.76 4624.31199   4624.314   4.0 1 1 
	       1069.02 4620.24213  4620.2408   4.0 1 1 
	       1197.58 4615.33383   4615.334   4.0 1 1 
	       1205.57 4615.02611   4615.024   4.0 1 1 
	       1242.35 4613.60513  4613.6044   4.0 1 1 
	       1269.66 4612.54589  4612.5435   4.0 1 1 
	       1287.38 4611.85688  4611.8597   4.0 1 1 
	       1318.82 4610.62992  4610.6272   4.0 1 1 
	       1345.94 4609.56792  4609.5673   4.0 1 1 
	       1370.03 4608.62149  4608.6201   4.0 1 1 
	       1387.49 4607.93368  4607.9347   4.0 1 1 
	       1401.63 4607.37589   4607.378   4.0 1 1 
	       1508.05 4603.14386  4603.1446   4.0 1 1 
	       1514.46 4602.88718  4602.8862   4.0 1 1 
	       1593.44 4599.70855  4599.7046   4.0 1 1 
	       1616.78 4598.76303  4598.7627   4.0 1 1 
	       1682.27 4596.09665  4596.0967   4.0 1 1 
	       1698.80 4595.42004  4595.4206   4.0 1 1 
	       1742.21 4593.63747  4593.6437   4.0 1 1 
	       1765.78 4592.66572   4592.666   4.0 1 1 
	       1832.57 4589.89755  4589.8978   4.0 1 1 
	       1847.59 4589.27229  4589.2668   4.0 1 1 
	       1867.92 4588.42377  4588.4261   4.0 1 1 
	function chebyshev
	order 4
	sample *
	naverage 1
	niterate 2000
	low_reject 3.
	high_reject 3.
	grow 0.
	coefficients	8
		1.
		4.
		178.2582702636719
		1867.919189453125
		4621.09029737037
		-31.78412717643279
		-0.8856057493614298
		0.003208878023593753

# Mon 11:33:48 30-Jan-2023
begin	identify iazcomp.0013 - Ap 13
	id	iazcomp.0013
	task	identify
	image	iazcomp.0013 - Ap 13
	aperture	13
	aplow	1126.11
	aphigh	1134.88
	units	Angstroms
	features	41
	        182.48 4651.98671  4651.9895   4.0 1 1 
	        195.37 4651.55602  4651.5552   4.0 1 1 
	        234.68 4650.23661  4650.2343   4.0 1 1 
	        322.76 4647.25271  4647.2509   4.0 1 1 
	        339.52 4646.68036  4646.6861   4.0 1 1 
	        396.87 4644.71138  4644.7072   4.0 1 1 
	        430.30 4643.55612  4643.5566   4.0 1 1 
	        531.00 4640.04201  4640.0462   4.0 1 1 
	        545.78 4639.52206  4639.5188   4.0 1 1 
	        569.44 4638.68739  4638.6849   4.0 1 1 
	        585.32 4638.12553  4638.1259   4.0 1 1 
	        610.44 4637.23423  4637.2328   4.0 1 1 
	        853.65 4628.44142  4628.4409   4.0 1 1 
	        860.20 4628.20085  4628.2015   4.0 1 1 
	        884.72 4627.29689   4627.298   4.0 1 1 
	        933.47 4625.49167  4625.4938   4.0 1 1 
	        965.15 4624.31217   4624.314   4.0 1 1 
	       1073.48 4620.24074  4620.2408   4.0 1 1 
	       1172.86 4616.45472  4616.4523   4.0 1 1 
	       1202.06 4615.33317   4615.334   4.0 1 1 
	       1210.06  4615.0249   4615.024   4.0 1 1 
	       1246.86 4613.60384  4613.6044   4.0 1 1 
	       1274.15 4612.54581  4612.5435   4.0 1 1 
	       1291.88 4611.85612  4611.8597   4.0 1 1 
	       1323.40 4610.62674  4610.6272   4.0 1 1 
	       1350.42 4609.56856  4609.5673   4.0 1 1 
	       1374.56 4608.62062  4608.6201   4.0 1 1 
	       1392.03 4607.93259  4607.9347   4.0 1 1 
	       1406.13 4607.37615   4607.378   4.0 1 1 
	       1428.12 4606.50645  4606.5021   4.0 1 1 
	       1512.58 4603.14436  4603.1446   4.0 1 1 
	       1519.04 4602.88579  4602.8862   4.0 1 1 
	       1598.00 4599.70818  4599.7046   4.0 1 1 
	       1621.34 4598.76288  4598.7627   4.0 1 1 
	       1686.82 4596.09736  4596.0967   4.0 1 1 
	       1703.37 4595.42013  4595.4206   4.0 1 1 
	       1746.74 4593.63935  4593.6437   4.0 1 1 
	       1770.36 4592.66589   4592.666   4.0 1 1 
	       1837.17 4589.89712  4589.8978   4.0 1 1 
	       1852.22 4589.27037  4589.2668   4.0 1 1 
	       1872.49 4588.42454  4588.4261   4.0 1 1 
	function chebyshev
	order 4
	sample *
	naverage 1
	niterate 2000
	low_reject 3.
	high_reject 3.
	grow 0.
	coefficients	8
		1.
		4.
		182.4848022460937
		1872.485473632813
		4621.091043471625
		-31.78359019049867
		-0.8854208375546573
		0.002505854666078675

# Mon 13:56:49 06-Feb-2023
begin	identify iazcomp.0013 - Ap 13
	id	iazcomp.0013
	task	identify
	image	iazcomp.0013 - Ap 13
	aperture	13
	aplow	1126.11
	aphigh	1134.88
	units	Angstroms
	features	41
	        181.57 4651.98577  4651.9895   4.0 1 1 
	        194.41 4651.55667  4651.5552   4.0 1 1 
	        233.73 4650.23692  4650.2343   4.0 1 1 
	        321.80 4647.25296  4647.2509   4.0 1 1 
	        338.54 4646.68131  4646.6861   4.0 1 1 
	        395.93 4644.71083  4644.7072   4.0 1 1 
	        429.34 4643.55598  4643.5566   4.0 1 1 
	        530.05  4640.0411  4640.0462   4.0 1 1 
	        544.81 4639.52148  4639.5188   4.0 1 1 
	        568.47 4638.68664  4638.6849   4.0 1 1 
	        584.29 4638.12653  4638.1259   4.0 1 1 
	        609.43 4637.23451  4637.2328   4.0 1 1 
	        852.54 4628.44236  4628.4409   4.0 1 1 
	        859.09 4628.20109  4628.2015   4.0 1 1 
	        883.62 4627.29708   4627.298   4.0 1 1 
	        932.36 4625.49127  4625.4938   4.0 1 1 
	        964.05  4624.3108   4624.314   4.0 1 1 
	       1072.29 4620.24121  4620.2408   4.0 1 1 
	       1171.66 4616.45418  4616.4523   4.0 1 1 
	       1200.82 4615.33334   4615.334   4.0 1 1 
	       1208.83  4615.0247   4615.024   4.0 1 1 
	       1245.62 4613.60366  4613.6044   4.0 1 1 
	       1272.92 4612.54482  4612.5435   4.0 1 1 
	       1290.61 4611.85651  4611.8597   4.0 1 1 
	       1322.07   4610.629  4610.6272   4.0 1 1 
	       1349.12 4609.56944  4609.5673   4.0 1 1 
	       1373.27 4608.62052  4608.6201   4.0 1 1 
	       1390.74 4607.93251  4607.9347   4.0 1 1 
	       1404.80 4607.37749   4607.378   4.0 1 1 
	       1426.83 4606.50577  4606.5021   4.0 1 1 
	       1511.27 4603.14335  4603.1446   4.0 1 1 
	       1517.69 4602.88663  4602.8862   4.0 1 1 
	       1596.69 4599.70665  4599.7046   4.0 1 1 
	       1620.01 4598.76222  4598.7627   4.0 1 1 
	       1685.46 4596.09721  4596.0967   4.0 1 1 
	       1702.02 4595.41974  4595.4206   4.0 1 1 
	       1745.38 4593.63916  4593.6437   4.0 1 1 
	       1768.99  4592.6659   4592.666   4.0 1 1 
	       1835.77 4589.89832  4589.8978   4.0 1 1 
	       1850.86 4589.27002  4589.2668   4.0 1 1 
	       1871.11 4588.42485  4588.4261   4.0 1 1 
	function chebyshev
	order 4
	sample *
	naverage 1
	niterate 2000
	low_reject 3.
	high_reject 3.
	grow 0.
	coefficients	8
		1.
		4.
		181.5698699951172
		1871.109375
		4621.090587228617
		-31.7841627385158
		-0.8852773888000784
		0.003701041723802726

