# Tue 22:39:53 07-Sep-2021
begin	identify iazcomp.0016 - Ap 16
	id	iazcomp.0016
	task	identify
	image	iazcomp.0016 - Ap 16
	aperture	16
	aplow	1179.12
	aphigh	1187.97
	units	Angstroms
	features	39
	         58.52 4845.16357  4845.1626   4.0 1 1 
	        183.81 4840.84669  4840.8492   4.0 1 1 
	        444.82 4831.59824  4831.5975   4.0 1 1 
	        457.99 4831.12259  4831.1213   4.0 1 1 
	        494.49 4829.79892  4829.7973   4.0 1 1 
	        579.26 4826.69838  4826.7004   4.0 1 1 
	        634.70 4824.65035  4824.6484   4.0 1 1 
	        652.27 4823.99799  4823.9967   4.0 1 1 
	        662.80 4823.60619  4823.6058   4.0 1 1 
	        682.98  4822.8539  4822.8548   4.0 1 1 
	        716.83 4821.58706  4821.5878   4.0 1 1 
	        735.52 4820.88477  4820.8847   4.0 1 1 
	        746.65 4820.46605  4820.4649   4.0 1 1 
	        780.39 4819.19224   4819.193   4.0 1 1 
	        794.77 4818.64758  4818.6477   4.0 1 1 
	        837.63 4817.01749  4817.0206   4.0 1 1 
	        942.09 4813.00473  4813.0069   4.0 1 1 
	        958.32 4812.37621  4812.3755   4.0 1 1 
	       1029.24 4809.61345   4809.614   4.0 1 1 
	       1066.96 4808.13335  4808.1337   4.0 1 1 
	       1120.46 4806.02149  4806.0205   4.0 1 1 
	       1172.44 4803.95549  4803.9559   4.0 1 1 
	       1204.52  4802.6732  4802.6714   4.0 1 1 
	       1244.89 4801.05198  4801.0517   4.0 1 1 
	       1266.72 4800.17201  4800.1724   4.0 1 1 
	       1371.45 4795.91561  4795.9131   4.0 1 1 
	       1420.44  4793.9048  4793.9052   4.0 1 1 
	       1436.42 4793.24659  4793.2446   4.0 1 1 
	       1464.66 4792.07989  4792.0819   4.0 1 1 
	       1529.46 4789.38677  4789.3868   4.0 1 1 
	       1582.95 4787.14819   4787.148   4.0 1 1 
	       1597.62 4786.53138   4786.531   4.0 1 1 
	       1686.78 4782.76089  4782.7612   4.0 1 1 
	       1734.00 4780.74772  4780.7505   4.0 1 1 
	       1791.23 4778.29311   4778.294   4.0 1 1 
	       1816.80 4777.19115  4777.1915   4.0 1 1 
	       1849.11 4775.79428   4775.794   4.0 1 1 
	       1860.16 4775.31496   4775.313   4.0 1 1 
	       1907.85 4773.24123   4773.241   4.0 1 1 
	function chebyshev
	order 5
	sample *
	naverage 1
	niterate 2000
	low_reject 3.
	high_reject 3.
	grow 0.
	coefficients	9
		1.
		5.
		58.51644134521484
		1907.847290039063
		4810.304088887412
		-35.96328145503367
		-1.104201742162484
		0.002108807191974975
		0.002513511522904096

# Fri 10:53:48 11-Mar-2022
begin	identify iazcomp.0016 - Ap 16
	id	iazcomp.0016
	task	identify
	image	iazcomp.0016 - Ap 16
	aperture	16
	aplow	1179.12
	aphigh	1187.97
	units	Angstroms
	features	44
	         43.10 4845.16112  4845.1626   4.0 1 1 
	        178.98 4840.47726  4840.4744   4.0 1 1 
	        396.05 4832.80257  4832.8025   4.0 1 1 
	        429.58 4831.59582  4831.5975   4.0 1 1 
	        442.73 4831.12097  4831.1213   4.0 1 1 
	        479.21  4829.7989  4829.7973   4.0 1 1 
	        564.05 4826.69766  4826.7004   4.0 1 1 
	        619.56 4824.64846  4824.6484   4.0 1 1 
	        637.11 4823.99755  4823.9967   4.0 1 1 
	        647.62 4823.60645  4823.6058   4.0 1 1 
	        667.82 4822.85402  4822.8548   4.0 1 1 
	        694.21 4821.86755  4821.8646   4.0 1 1 
	        701.70 4821.58697  4821.5878   4.0 1 1 
	        720.39 4820.88537  4820.8847   4.0 1 1 
	        731.57   4820.465  4820.4649   4.0 1 1 
	        765.30  4819.1922   4819.193   4.0 1 1 
	        779.67 4818.64816  4818.6477   4.0 1 1 
	        822.60 4817.01679  4817.0206   4.0 1 1 
	        927.09 4813.00538  4813.0069   4.0 1 1 
	        943.33 4812.37678  4812.3755   4.0 1 1 
	       1014.27 4809.61483   4809.614   4.0 1 1 
	       1052.02 4808.13447  4808.1337   4.0 1 1 
	       1105.55 4806.02254  4806.0205   4.0 1 1 
	       1157.51 4803.95816  4803.9559   4.0 1 1 
	       1189.74 4802.67058  4802.6714   4.0 1 1 
	       1230.16 4801.04818  4801.0517   4.0 1 1 
	       1251.90  4800.1722  4800.1724   4.0 1 1 
	       1356.66 4795.91664  4795.9131   4.0 1 1 
	       1405.77 4793.90218  4793.9052   4.0 1 1 
	       1421.70 4793.24612  4793.2446   4.0 1 1 
	       1449.94 4792.07985  4792.0819   4.0 1 1 
	       1489.48 4790.43999  4790.4373   4.0 1 1 
	       1514.79 4789.38653  4789.3868   4.0 1 1 
	       1568.31 4787.14756   4787.148   4.0 1 1 
	       1583.01 4786.53008   4786.531   4.0 1 1 
	       1646.17 4783.86458  4783.8617   4.0 1 1 
	       1651.52 4783.63799  4783.6389   4.0 1 1 
	       1672.20 4782.76044  4782.7612   4.0 1 1 
	       1719.44 4780.74773  4780.7505   4.0 1 1 
	       1776.70 4778.29323   4778.294   4.0 1 1 
	       1802.29 4777.19137  4777.1915   4.0 1 1 
	       1834.61 4775.79453   4775.794   4.0 1 1 
	       1845.65 4775.31636   4775.313   4.0 1 1 
	       1893.45 4773.23958   4773.241   4.0 1 1 
	function chebyshev
	order 5
	sample *
	naverage 1
	niterate 2000
	low_reject 3.
	high_reject 3.
	grow 0.
	coefficients	9
		1.
		5.
		43.10358428955078
		1893.44677734375
		4810.301213687665
		-35.96275810807779
		-1.104105792470727
		0.001991242591548642
		0.003240482204755115

# Tue 15:08:35 29-Mar-2022
begin	identify iazcomp.0016 - Ap 16
	id	iazcomp.0016
	task	identify
	image	iazcomp.0016 - Ap 16
	aperture	16
	aplow	1179.12
	aphigh	1187.97
	units	Angstroms
	features	44
	         43.81 4845.16123  4845.1626   4.0 1 1 
	        179.70 4840.47688  4840.4744   4.0 1 1 
	        396.72 4832.80283  4832.8025   4.0 1 1 
	        430.24 4831.59615  4831.5975   4.0 1 1 
	        443.41 4831.12079  4831.1213   4.0 1 1 
	        479.87 4829.79915  4829.7973   4.0 1 1 
	        564.70 4826.69808  4826.7004   4.0 1 1 
	        620.21 4824.64858  4824.6484   4.0 1 1 
	        637.74   4823.998  4823.9967   4.0 1 1 
	        648.28 4823.60584  4823.6058   4.0 1 1 
	        668.46 4822.85391  4822.8548   4.0 1 1 
	        694.88 4821.86626  4821.8646   4.0 1 1 
	        702.33 4821.58708  4821.5878   4.0 1 1 
	        721.04 4820.88454  4820.8847   4.0 1 1 
	        732.18 4820.46556  4820.4649   4.0 1 1 
	        765.92 4819.19229   4819.193   4.0 1 1 
	        780.28 4818.64856  4818.6477   4.0 1 1 
	        823.22 4817.01658  4817.0206   4.0 1 1 
	        927.69 4813.00547  4813.0069   4.0 1 1 
	        943.91 4812.37767  4812.3755   4.0 1 1 
	       1014.87 4809.61446   4809.614   4.0 1 1 
	       1052.61  4808.1344  4808.1337   4.0 1 1 
	       1106.14 4806.02197  4806.0205   4.0 1 1 
	       1158.10 4803.95725  4803.9559   4.0 1 1 
	       1190.25 4802.67314  4802.6714   4.0 1 1 
	       1230.73 4801.04825  4801.0517   4.0 1 1 
	       1252.47 4800.17184  4800.1724   4.0 1 1 
	       1357.24 4795.91541  4795.9131   4.0 1 1 
	       1406.31 4793.90249  4793.9052   4.0 1 1 
	       1422.26 4793.24544  4793.2446   4.0 1 1 
	       1450.47 4792.08025  4792.0819   4.0 1 1 
	       1490.02 4790.44007  4790.4373   4.0 1 1 
	       1515.34 4789.38606  4789.3868   4.0 1 1 
	       1568.86 4787.14687   4787.148   4.0 1 1 
	       1583.54 4786.53025   4786.531   4.0 1 1 
	       1646.69 4783.86497  4783.8617   4.0 1 1 
	       1651.98 4783.64108  4783.6389   4.0 1 1 
	       1672.74 4782.76007  4782.7612   4.0 1 1 
	       1719.98 4780.74728  4780.7505   4.0 1 1 
	       1777.25 4778.29233   4778.294   4.0 1 1 
	       1802.81 4777.19151  4777.1915   4.0 1 1 
	       1835.16 4775.79375   4775.794   4.0 1 1 
	       1846.22 4775.31473   4775.313   4.0 1 1 
	       1893.94 4773.24139   4773.241   4.0 1 1 
	function chebyshev
	order 5
	sample *
	naverage 1
	niterate 2000
	low_reject 3.
	high_reject 3.
	grow 0.
	coefficients	9
		1.
		5.
		43.81494140625
		1893.935180664062
		4810.301609165
		-35.9622717240684
		-1.103542495153729
		0.002352501589225695
		0.003240568853793451

# Mon 11:34:20 30-Jan-2023
begin	identify iazcomp.0016 - Ap 16
	id	iazcomp.0016
	task	identify
	image	iazcomp.0016 - Ap 16
	aperture	16
	aplow	1179.12
	aphigh	1187.97
	units	Angstroms
	features	37
	         48.07 4845.16064  4845.1626   4.0 1 1 
	        183.94 4840.47768  4840.4744   4.0 1 1 
	        401.01 4832.80313  4832.8025   4.0 1 1 
	        434.53 4831.59678  4831.5975   4.0 1 1 
	        447.69  4831.1213  4831.1213   4.0 1 1 
	        484.21 4829.79814  4829.7973   4.0 1 1 
	        569.02 4826.69798  4826.7004   4.0 1 1 
	        624.54  4824.6485  4824.6484   4.0 1 1 
	        642.07 4823.99823  4823.9967   4.0 1 1 
	        652.61 4823.60625  4823.6058   4.0 1 1 
	        672.80   4822.854  4822.8548   4.0 1 1 
	        699.29 4821.86415  4821.8646   4.0 1 1 
	        706.69 4821.58688  4821.5878   4.0 1 1 
	        725.40 4820.88476  4820.8847   4.0 1 1 
	        736.54 4820.46577  4820.4649   4.0 1 1 
	        770.29 4819.19234   4819.193   4.0 1 1 
	        827.59 4817.01691  4817.0206   4.0 1 1 
	        932.08 4813.00637  4813.0069   4.0 1 1 
	        948.32 4812.37773  4812.3755   4.0 1 1 
	       1019.32 4809.61424   4809.614   4.0 1 1 
	       1057.07 4808.13384  4808.1337   4.0 1 1 
	       1110.59 4806.02268  4806.0205   4.0 1 1 
	       1162.60 4803.95676  4803.9559   4.0 1 1 
	       1194.78 4802.67164  4802.6714   4.0 1 1 
	       1256.98 4800.17218  4800.1724   4.0 1 1 
	       1426.80 4793.24662  4793.2446   4.0 1 1 
	       1455.07 4792.07956  4792.0819   4.0 1 1 
	       1519.91  4789.3866  4789.3868   4.0 1 1 
	       1573.43 4787.14796   4787.148   4.0 1 1 
	       1588.13 4786.53076   4786.531   4.0 1 1 
	       1677.32 4782.76093  4782.7612   4.0 1 1 
	       1724.54  4780.7489  4780.7505   4.0 1 1 
	       1781.83 4778.29311   4778.294   4.0 1 1 
	       1807.40 4777.19167  4777.1915   4.0 1 1 
	       1839.73 4775.79441   4775.794   4.0 1 1 
	       1850.79 4775.31555   4775.313   4.0 1 1 
	       1898.53 4773.24016   4773.241   4.0 1 1 
	function chebyshev
	order 5
	sample *
	naverage 1
	niterate 2000
	low_reject 3.
	high_reject 3.
	grow 0.
	coefficients	9
		1.
		5.
		48.07078552246094
		1898.5341796875
		4810.301760692661
		-35.96134394856848
		-1.103981722455887
		0.001105392837294167
		0.002623462476037393

# Mon 13:56:52 06-Feb-2023
begin	identify iazcomp.0016 - Ap 16
	id	iazcomp.0016
	task	identify
	image	iazcomp.0016 - Ap 16
	aperture	16
	aplow	1179.12
	aphigh	1187.97
	units	Angstroms
	features	37
	         47.11 4845.16112  4845.1626   4.0 1 1 
	        183.01 4840.47718  4840.4744   4.0 1 1 
	        400.05 4832.80247  4832.8025   4.0 1 1 
	        433.54 4831.59654  4831.5975   4.0 1 1 
	        446.71 4831.12111  4831.1213   4.0 1 1 
	        483.22 4829.79735  4829.7973   4.0 1 1 
	        568.00 4826.69759  4826.7004   4.0 1 1 
	        623.45 4824.65023  4824.6484   4.0 1 1 
	        641.01 4823.99845  4823.9967   4.0 1 1 
	        651.57 4823.60561  4823.6058   4.0 1 1 
	        671.76  4822.8535  4822.8548   4.0 1 1 
	        698.07 4821.86945  4821.8646   4.0 1 1 
	        705.62 4821.58658  4821.5878   4.0 1 1 
	        724.33 4820.88435  4820.8847   4.0 1 1 
	        735.45  4820.4659  4820.4649   4.0 1 1 
	        769.21  4819.1916   4819.193   4.0 1 1 
	        826.48 4817.01668  4817.0206   4.0 1 1 
	        930.96 4813.00492  4813.0069   4.0 1 1 
	        947.19 4812.37675  4812.3755   4.0 1 1 
	       1018.15  4809.6135   4809.614   4.0 1 1 
	       1055.88 4808.13353  4808.1337   4.0 1 1 
	       1109.40 4806.02161  4806.0205   4.0 1 1 
	       1161.38 4803.95627  4803.9559   4.0 1 1 
	       1193.47 4802.67402  4802.6714   4.0 1 1 
	       1255.70 4800.17274  4800.1724   4.0 1 1 
	       1425.48 4793.24679  4793.2446   4.0 1 1 
	       1453.75 4792.07898  4792.0819   4.0 1 1 
	       1518.57 4789.38681  4789.3868   4.0 1 1 
	       1572.09 4787.14741   4787.148   4.0 1 1 
	       1586.75 4786.53175   4786.531   4.0 1 1 
	       1675.95 4782.76103  4782.7612   4.0 1 1 
	       1723.20 4780.74766  4780.7505   4.0 1 1 
	       1780.45 4778.29355   4778.294   4.0 1 1 
	       1806.02 4777.19215  4777.1915   4.0 1 1 
	       1838.35 4775.79467   4775.794   4.0 1 1 
	       1849.42 4775.31523   4775.313   4.0 1 1 
	       1897.16 4773.23999   4773.241   4.0 1 1 
	function chebyshev
	order 5
	sample *
	naverage 1
	niterate 2000
	low_reject 3.
	high_reject 3.
	grow 0.
	coefficients	9
		1.
		5.
		47.11237716674804
		1897.163818359375
		4810.30164878038
		-35.96294017799876
		-1.103766097686161
		0.002375233593964765
		0.002674829806216256

