# Tue 22:33:45 07-Sep-2021
begin	identify iazcomp.0006 - Ap 6
	id	iazcomp.0006
	task	identify
	image	iazcomp.0006 - Ap 6
	aperture	6
	aplow	989.17
	aphigh	996.98
	units	Angstroms
	features	51
	        124.22 4266.52596  4266.5271   4.0 1 1 
	        132.12 4266.28615  4266.2864   4.0 1 1 
	        325.22 4260.33488   4260.333   4.0 1 1 
	        356.26 4259.36257  4259.3619   4.0 1 1 
	        382.97 4258.52235  4258.5204   4.0 1 1 
	        415.45 4257.49647  4257.4963   4.0 1 1 
	        454.65 4256.25209  4256.2537   4.0 1 1 
	        486.44 4255.23763  4255.2373   4.0 1 1 
	        539.44 4253.53657  4253.5385   4.0 1 1 
	        612.05 4251.18521  4251.1846   4.0 1 1 
	        624.63 4250.77537  4250.7749   4.0 1 1 
	        638.75 4250.31455  4250.3146   4.0 1 1 
	        658.25 4249.67672  4249.6791   4.0 1 1 
	        697.32  4248.3933  4248.3908   4.0 1 1 
	        721.49  4247.5959  4247.5988   4.0 1 1 
	        831.57 4243.93088  4243.9241   4.0 1 1 
	        851.59 4243.25841  4243.2611   4.0 1 1 
	        867.59 4242.71994  4242.7197   4.0 1 1 
	        915.69 4241.09314  4241.0948   4.0 1 1 
	        930.32 4240.59641  4240.5947   4.0 1 1 
	       1029.07 4237.21738  4237.2198   4.0 1 1 
	       1079.89 4235.46103  4235.4636   4.0 1 1 
	       1142.35  4233.2863  4233.2873   4.0 1 1 
	       1212.53 4230.82196  4230.8242   4.0 1 1 
	       1223.78  4230.4247  4230.4267   4.0 1 1 
	       1239.55  4229.8672  4229.8644   4.0 1 1 
	       1251.17 4229.45549  4229.4545   4.0 1 1 
	       1259.86 4229.14712  4229.1477   4.0 1 1 
	       1287.68   4228.158   4228.158   4.0 1 1 
	       1309.29 4227.38708  4227.3872   4.0 1 1 
	       1320.46 4226.98791  4226.9876   4.0 1 1 
	       1339.69 4226.29946  4226.2994   4.0 1 1 
	       1396.94 4224.23948  4224.2413   4.0 1 1 
	       1418.93 4223.44413  4223.4403   4.0 1 1 
	       1441.15 4222.63822  4222.6373   4.0 1 1 
	       1481.91 4221.15454   4221.153   4.0 1 1 
	       1493.48  4220.7318  4220.7323   4.0 1 1 
	       1511.55 4220.07064  4220.0651   4.0 1 1 
	       1549.86 4218.66379  4218.6649   4.0 1 1 
	       1583.24 4217.43303  4217.4308   4.0 1 1 
	       1611.89 4216.37223  4216.3722   4.0 1 1 
	       1620.06 4216.06918  4216.0698   4.0 1 1 
	       1653.38 4214.82991  4214.8285   4.0 1 1 
	       1692.44 4213.37069  4213.3779   4.0 1 1 
	       1700.50 4213.06849  4213.0673   4.0 1 1 
	       1757.51 4210.92451  4210.9232   4.0 1 1 
	       1811.35 4208.88612  4208.8907   4.0 1 1 
	       1823.83 4208.41194  4208.4108   4.0 1 1 
	       1938.00 4204.04071  4204.0413   4.0 1 1 
	       1991.65  4201.9666  4201.9715   4.0 1 1 
	       2024.74  4200.6808  4200.6745   4.0 1 1 
	function chebyshev
	order 5
	sample *
	naverage 1
	niterate 2000
	low_reject 3.
	high_reject 3.
	grow 0.
	coefficients	9
		1.
		5.
		124.2202911376953
		2024.740600585938
		4234.624885061667
		-32.92339818472025
		-1.022594562558502
		8.171888233421327E-4
		0.001087842399600991

# Fri 10:44:36 11-Mar-2022
begin	identify iazcomp.0006 - Ap 6
	id	iazcomp.0006
	task	identify
	image	iazcomp.0006 - Ap 6
	aperture	6
	aplow	989.17
	aphigh	996.98
	units	Angstroms
	features	51
	        109.30 4266.52726  4266.5271   4.0 1 1 
	        117.21 4266.28693  4266.2864   4.0 1 1 
	        213.09 4263.35314  4263.3561   4.0 1 1 
	        237.00 4262.61511  4262.6124   4.0 1 1 
	        289.55 4260.98433  4260.9845   4.0 1 1 
	        310.42 4260.33318   4260.333   4.0 1 1 
	        341.42 4259.36246  4259.3619   4.0 1 1 
	        368.17 4258.52127  4258.5204   4.0 1 1 
	        387.99 4257.89613  4257.8982   4.0 1 1 
	        400.60 4257.49752  4257.4963   4.0 1 1 
	        439.85 4256.25172  4256.2537   4.0 1 1 
	        471.66 4255.23696  4255.2373   4.0 1 1 
	        524.64 4253.53723  4253.5385   4.0 1 1 
	        597.34 4251.18403  4251.1846   4.0 1 1 
	        609.90 4250.77503  4250.7749   4.0 1 1 
	        624.00 4250.31509  4250.3146   4.0 1 1 
	        643.44 4249.67943  4249.6791   4.0 1 1 
	        682.59 4248.39404  4248.3908   4.0 1 1 
	        706.74 4247.59798  4247.5988   4.0 1 1 
	        836.91 4243.26032  4243.2611   4.0 1 1 
	        852.88 4242.72306  4242.7197   4.0 1 1 
	        901.09  4241.0935  4241.0948   4.0 1 1 
	        915.67 4240.59849  4240.5947   4.0 1 1 
	       1014.53 4237.21787  4237.2198   4.0 1 1 
	       1048.52 4236.04508  4236.0471   4.0 1 1 
	       1065.37 4235.46181  4235.4636   4.0 1 1 
	       1127.97 4233.28389  4233.2873   4.0 1 1 
	       1198.00  4230.8261  4230.8242   4.0 1 1 
	       1209.33 4230.42615  4230.4267   4.0 1 1 
	       1236.81 4229.45421  4229.4545   4.0 1 1 
	       1245.47 4229.14736  4229.1477   4.0 1 1 
	       1245.45  4229.1478  4229.1477   4.0 1 1 
	       1273.28 4228.15894   4228.158   4.0 1 1 
	       1294.93 4227.38716  4227.3872   4.0 1 1 
	       1306.09 4226.98877  4226.9876   4.0 1 1 
	       1325.34 4226.29964  4226.2994   4.0 1 1 
	       1372.19 4224.61596  4224.6151   4.0 1 1 
	       1382.64 4224.23912  4224.2413   4.0 1 1 
	       1426.87 4222.63838  4222.6373   4.0 1 1 
	       1467.68 4221.15323   4221.153   4.0 1 1 
	       1479.14  4220.7349  4220.7323   4.0 1 1 
	       1535.63 4218.66432  4218.6649   4.0 1 1 
	       1569.03 4217.43303  4217.4308   4.0 1 1 
	       1597.81  4216.3683  4216.3722   4.0 1 1 
	       1605.86 4216.06957  4216.0698   4.0 1 1 
	       1639.21 4214.82985  4214.8285   4.0 1 1 
	       1686.39 4213.06729  4213.0673   4.0 1 1 
	       1743.46 4210.92161  4210.9232   4.0 1 1 
	       1797.31 4208.88377  4208.8907   4.0 1 0 
	       1809.74 4208.41163  4208.4108   4.0 1 1 
	       2010.87 4200.67452  4200.6745   4.0 1 1 
	function chebyshev
	order 5
	sample *
	naverage 1
	niterate 2000
	low_reject 3.
	high_reject 3.
	grow 0.
	coefficients	9
		1.
		5.
		109.2960433959961
		2010.872802734375
		4234.621922160328
		-32.92603390521426
		-1.022073757611403
		-3.338937200795246E-4
		0.001040529055414665

# Tue 15:08:17 29-Mar-2022
begin	identify iazcomp.0006 - Ap 6
	id	iazcomp.0006
	task	identify
	image	iazcomp.0006 - Ap 6
	aperture	6
	aplow	989.17
	aphigh	996.98
	units	Angstroms
	features	51
	        110.02 4266.52665  4266.5271   4.0 1 1 
	        117.92 4266.28681  4266.2864   4.0 1 1 
	        213.67 4263.35751  4263.3561   4.0 1 1 
	        237.91 4262.60941  4262.6124   4.0 1 1 
	        290.41 4260.98025  4260.9845   4.0 1 1 
	        311.04 4260.33656   4260.333   4.0 1 1 
	        342.12 4259.36348  4259.3619   4.0 1 1 
	        368.87 4258.52214  4258.5204   4.0 1 1 
	        388.67 4257.89771  4257.8982   4.0 1 1 
	        401.31 4257.49803  4257.4963   4.0 1 1 
	        440.54 4256.25285  4256.2537   4.0 1 1 
	        472.37 4255.23764  4255.2373   4.0 1 1 
	        525.35 4253.53735  4253.5385   4.0 1 1 
	        597.99 4251.18588  4251.1846   4.0 1 1 
	        610.64 4250.77391  4250.7749   4.0 1 1 
	        624.68 4250.31583  4250.3146   4.0 1 1 
	        644.27 4249.67525  4249.6791   4.0 1 1 
	        683.28 4248.39432  4248.3908   4.0 1 1 
	        707.42 4247.59811  4247.5988   4.0 1 1 
	        837.62 4243.25888  4243.2611   4.0 1 1 
	        853.61 4242.72074  4242.7197   4.0 1 1 
	        901.70 4241.09515  4241.0948   4.0 1 1 
	        916.33 4240.59824  4240.5947   4.0 1 1 
	       1015.16 4237.21806  4237.2198   4.0 1 1 
	       1049.20 4236.04353  4236.0471   4.0 1 1 
	       1066.00 4235.46205  4235.4636   4.0 1 1 
	       1128.50 4233.28706  4233.2873   4.0 1 1 
	       1198.73 4230.82185  4230.8242   4.0 1 1 
	       1209.95  4230.4259  4230.4267   4.0 1 1 
	       1237.43 4229.45402  4229.4545   4.0 1 1 
	       1246.07 4229.14758  4229.1477   4.0 1 1 
	       1246.07 4229.14758  4229.1477   4.0 1 1 
	       1273.90 4228.15862   4228.158   4.0 1 1 
	       1295.54  4227.3871  4227.3872   4.0 1 1 
	       1306.70 4226.98861  4226.9876   4.0 1 1 
	       1325.88 4226.30201  4226.2994   4.0 1 1 
	       1372.70 4224.61915  4224.6151   4.0 1 1 
	       1383.17 4224.24159  4224.2413   4.0 1 1 
	       1427.46 4222.63867  4222.6373   4.0 1 1 
	       1468.02 4221.16277   4221.153   4.0 1 0 
	       1479.81 4220.73217  4220.7323   4.0 1 1 
	       1536.20 4218.66502  4218.6649   4.0 1 1 
	       1569.63  4217.4327  4217.4308   4.0 1 1 
	       1598.32 4216.37112  4216.3722   4.0 1 1 
	       1606.52 4216.06701  4216.0698   4.0 1 1 
	       1639.79 4214.83032  4214.8285   4.0 1 1 
	       1686.94 4213.06859  4213.0673   4.0 1 1 
	       1743.98 4210.92444  4210.9232   4.0 1 1 
	       1797.88 4208.88494  4208.8907   4.0 1 1 
	       1810.40 4208.40927  4208.4108   4.0 1 1 
	       2011.40 4200.67673  4200.6745   4.0 1 1 
	function chebyshev
	order 5
	sample *
	naverage 1
	niterate 2000
	low_reject 3.
	high_reject 3.
	grow 0.
	coefficients	9
		1.
		5.
		110.0200653076172
		2011.404418945312
		4234.622717414043
		-32.92525839359637
		-1.02172214398233
		2.981264753215671E-4
		6.959899710599016E-4

# Mon 11:32:15 30-Jan-2023
begin	identify iazcomp.0006 - Ap 6
	id	iazcomp.0006
	task	identify
	image	iazcomp.0006 - Ap 6
	aperture	6
	aplow	989.17
	aphigh	996.98
	units	Angstroms
	features	44
	        114.16 4266.52591  4266.5271   4.0 1 1 
	        217.79 4263.35748  4263.3561   4.0 1 1 
	        241.84 4262.61533  4262.6124   4.0 1 1 
	        294.52 4260.98069  4260.9845   4.0 1 1 
	        315.21 4260.33512   4260.333   4.0 1 1 
	        346.28 4259.36238  4259.3619   4.0 1 1 
	        373.05 4258.52095  4258.5204   4.0 1 1 
	        392.86   4257.896  4257.8982   4.0 1 1 
	        405.50 4257.49659  4257.4963   4.0 1 1 
	        444.71 4256.25215  4256.2537   4.0 1 1 
	        476.55 4255.23681  4255.2373   4.0 1 1 
	        529.53 4253.53716  4253.5385   4.0 1 1 
	        602.20 4251.18519  4251.1846   4.0 1 1 
	        614.77 4250.77625  4250.7749   4.0 1 1 
	        628.89 4250.31564  4250.3146   4.0 1 1 
	        648.45 4249.67603  4249.6791   4.0 1 1 
	        687.48 4248.39492  4248.3908   4.0 1 1 
	        711.63 4247.59859  4247.5988   4.0 1 1 
	        841.87 4243.25953  4243.2611   4.0 1 1 
	        857.87 4242.72113  4242.7197   4.0 1 1 
	        905.99 4241.09477  4241.0948   4.0 1 1 
	        920.65 4240.59731  4240.5947   4.0 1 1 
	       1019.46 4237.21863  4237.2198   4.0 1 1 
	       1053.51 4236.04402  4236.0471   4.0 1 1 
	       1070.30 4235.46258  4235.4636   4.0 1 1 
	       1203.00  4230.8245  4230.8242   4.0 1 1 
	       1214.29 4230.42655  4230.4267   4.0 1 1 
	       1241.76 4229.45503  4229.4545   4.0 1 1 
	       1250.44 4229.14718  4229.1477   4.0 1 1 
	       1250.44 4229.14718  4229.1477   4.0 1 1 
	       1278.26 4228.15871   4228.158   4.0 1 1 
	       1299.91 4227.38692  4227.3872   4.0 1 1 
	       1311.06 4226.98883  4226.9876   4.0 1 1 
	       1330.32 4226.29946  4226.2994   4.0 1 1 
	       1387.58 4224.24035  4224.2413   4.0 1 1 
	       1431.85 4222.63829  4222.6373   4.0 1 1 
	       1472.67 4221.15307   4221.153   4.0 1 1 
	       1484.16  4220.7337  4220.7323   4.0 1 1 
	       1540.63  4218.6638  4218.6649   4.0 1 1 
	       1574.07 4217.43151  4217.4308   4.0 1 1 
	       1602.70  4216.3723  4216.3722   4.0 1 1 
	       1644.22 4214.82961  4214.8285   4.0 1 1 
	       1748.50 4210.92093  4210.9232   4.0 1 1 
	       2015.94  4200.6749  4200.6745   4.0 1 1 
	function chebyshev
	order 5
	sample *
	naverage 1
	niterate 2000
	low_reject 3.
	high_reject 3.
	grow 0.
	coefficients	9
		1.
		5.
		114.1570281982422
		2015.94091796875
		4234.621336750105
		-32.9256233657886
		-1.022113524041319
		1.185698503147410E-4
		0.001183426384029615

# Mon 13:56:39 06-Feb-2023
begin	identify iazcomp.0006 - Ap 6
	id	iazcomp.0006
	task	identify
	image	iazcomp.0006 - Ap 6
	aperture	6
	aplow	989.17
	aphigh	996.98
	units	Angstroms
	features	44
	        113.33 4266.52671  4266.5271   4.0 1 1 
	        217.10 4263.35295  4263.3561   4.0 1 1 
	        240.95  4262.6168  4262.6124   4.0 1 1 
	        293.59 4260.98308  4260.9845   4.0 1 1 
	        314.39 4260.33424   4260.333   4.0 1 1 
	        345.38  4259.3636  4259.3619   4.0 1 1 
	        372.16 4258.52156  4258.5204   4.0 1 1 
	        392.03 4257.89441  4257.8982   4.0 1 1 
	        404.59 4257.49727  4257.4963   4.0 1 1 
	        443.79 4256.25312  4256.2537   4.0 1 1 
	        475.65 4255.23674  4255.2373   4.0 1 1 
	        528.63 4253.53664  4253.5385   4.0 1 1 
	        601.24 4251.18609  4251.1846   4.0 1 1 
	        613.87 4250.77488  4250.7749   4.0 1 1 
	        627.94 4250.31571  4250.3146   4.0 1 1 
	        647.43 4249.67837  4249.6791   4.0 1 1 
	        686.53 4248.39442  4248.3908   4.0 1 1 
	        710.71 4247.59728  4247.5988   4.0 1 1 
	        840.85 4243.25983  4243.2611   4.0 1 1 
	        856.95 4242.71793  4242.7197   4.0 1 1 
	        904.96 4241.09511  4241.0948   4.0 1 1 
	        919.63 4240.59712  4240.5947   4.0 1 1 
	       1018.40 4237.21854  4237.2198   4.0 1 1 
	       1052.52 4236.04121  4236.0471   4.0 1 0 
	       1069.23 4235.46241  4235.4636   4.0 1 1 
	       1201.94 4230.82263  4230.8242   4.0 1 1 
	       1213.18 4230.42583  4230.4267   4.0 1 1 
	       1240.63 4229.45502  4229.4545   4.0 1 1 
	       1249.30 4229.14746  4229.1477   4.0 1 1 
	       1249.30 4229.14746  4229.1477   4.0 1 1 
	       1277.11 4228.15895   4228.158   4.0 1 1 
	       1298.76  4227.3869  4227.3872   4.0 1 1 
	       1309.91 4226.98858  4226.9876   4.0 1 1 
	       1329.12 4226.30103  4226.2994   4.0 1 1 
	       1386.39 4224.24084  4224.2413   4.0 1 1 
	       1430.65 4222.63842  4222.6373   4.0 1 1 
	       1471.41 4221.15502   4221.153   4.0 1 1 
	       1482.98 4220.73264  4220.7323   4.0 1 1 
	       1539.43 4218.66302  4218.6649   4.0 1 1 
	       1572.83  4217.4313  4217.4308   4.0 1 1 
	       1601.44 4216.37258  4216.3722   4.0 1 1 
	       1642.99  4214.8281  4214.8285   4.0 1 1 
	       1747.19 4210.92122  4210.9232   4.0 1 1 
	       2014.55  4200.6751  4200.6745   4.0 1 1 
	function chebyshev
	order 5
	sample *
	naverage 1
	niterate 2000
	low_reject 3.
	high_reject 3.
	grow 0.
	coefficients	9
		1.
		5.
		113.3295440673828
		2014.545288085937
		4234.622203729071
		-32.92592255915307
		-1.022516459817275
		1.149515580727926E-4
		0.001220025679643737

