# Tue 22:49:16 07-Sep-2021
begin	identify iazcomp.0049 - Ap 49
	id	iazcomp.0049
	task	identify
	image	iazcomp.0049 - Ap 49
	aperture	49
	aplow	1600.04
	aphigh	1608.44
	units	Angstroms
	features	19
	         97.79 8734.01113  8734.0234   4.0 1 1 
	        296.56 8724.37362  8724.3761   4.0 1 1 
	        332.46 8722.50648  8722.4577   4.0 1 1 
	        348.81 8721.64376  8721.6595   4.0 1 1 
	        550.20 8710.41171  8710.4142   4.0 1 1 
	        569.52 8709.27773  8709.2341   4.0 1 1 
	        602.88 8707.29731  8707.3592   4.0 1 1 
	       1092.68 8675.33486  8675.3983   4.0 1 1 
	       1196.65 8667.96143  8667.9442   4.0 1 1 
	       1230.64 8665.51426  8665.4855   4.0 1 1 
	       1276.92 8662.15534  8662.1372   4.0 1 1 
	       1361.89 8655.91438   8655.876   4.0 1 1 
	       1452.45 8649.16714   8649.149   4.0 1 1 
	       1503.78 8645.30468  8645.3087   4.0 1 1 
	       1581.44 8639.41381  8639.4416   4.0 1 1 
	       1595.61 8638.33424  8638.3623   4.0 1 1 
	       1816.89 8621.30632  8621.3225   4.0 1 1 
	       1827.97 8620.44777  8620.4602   4.0 1 1 
	       1882.03 8616.25561  8616.2219   4.0 1 1 
	function chebyshev
	order 5
	sample *
	naverage 1
	niterate 0
	low_reject 3.
	high_reject 3.
	grow 0.
	coefficients	9
		1.
		5.
		97.78805541992188
		1882.030883789063
		8678.772658431015
		-59.37877958074702
		-3.65538293641014
		0.5010176902194337
		0.01609512724857545

# Fri 11:19:14 11-Mar-2022
begin	identify iazcomp.0049 - Ap 49
	id	iazcomp.0049
	task	identify
	image	iazcomp.0049 - Ap 49
	aperture	49
	aplow	1600.04
	aphigh	1608.44
	units	Angstroms
	features	14
	         39.71 8732.42625   8732.424   4.0 1 1 
	        497.90 8712.84266  8712.8528   4.0 1 1 
	       1034.49 8678.42121  8678.4083   4.0 1 1 
	       1077.18 8675.40238  8675.3983   4.0 1 1 
	       1214.71 8665.51065  8665.4855   4.0 1 1 
	       1346.14 8655.86388   8655.876   4.0 1 1 
	       1436.65 8649.13057   8649.149   4.0 1 1 
	       1565.68 8639.41984  8639.4416   4.0 1 1 
	       1579.90 8638.34195  8638.3623   4.0 1 1 
	       1801.17 8621.34771  8621.3225   4.0 1 1 
	       1812.37 8620.47465  8620.4602   4.0 1 1 
	       1866.41 8616.24547  8616.2219   4.0 1 1 
	       1998.35 8605.76526  8605.7762   4.0 1 1 
	       2020.23 8604.00241  8604.0163   4.0 1 1 
	function chebyshev
	order 5
	sample *
	naverage 1
	niterate 0
	low_reject 3.
	high_reject 3.
	grow 0.
	coefficients	9
		1.
		5.
		39.71465301513672
		2020.22705078125
		8673.822808703315
		-65.56739929404941
		-5.262505333819242
		1.355479330389483
		-0.3459686031649885

# Tue 15:32:56 29-Mar-2022
begin	identify iazcomp.0049 - Ap 49
	id	iazcomp.0049
	task	identify
	image	iazcomp.0049 - Ap 49
	aperture	49
	aplow	1600.04
	aphigh	1608.44
	units	Angstroms
	features	14
	         38.89 8732.42577   8732.424   4.0 1 1 
	        497.38 8712.84509  8712.8528   4.0 1 1 
	       1035.15 8678.40051  8678.4083   4.0 1 1 
	       1077.31 8675.42219  8675.3983   4.0 1 1 
	       1215.34 8665.50292  8665.4855   4.0 1 1 
	       1346.62 8655.87271   8655.876   4.0 1 1 
	       1437.34 8649.12585   8649.149   4.0 1 1 
	       1566.31 8639.42096  8639.4416   4.0 1 1 
	       1580.44 8638.34998  8638.3623   4.0 1 1 
	       1801.89 8621.33878  8621.3225   4.0 1 1 
	       1812.93 8620.47873  8620.4602   4.0 1 1 
	       1867.09 8616.23912  8616.2219   4.0 1 1 
	       1998.88 8605.76793  8605.7762   4.0 1 1 
	       2020.76 8604.00436  8604.0163   4.0 1 1 
	function chebyshev
	order 5
	sample *
	naverage 1
	niterate 0
	low_reject 3.
	high_reject 3.
	grow 0.
	coefficients	9
		1.
		5.
		38.8865966796875
		2020.764892578125
		8673.835628695902
		-65.55663841162335
		-5.27963706389164
		1.345937167308578
		-0.3409277845847357

# Mon 11:46:02 30-Jan-2023
begin	identify iazcomp.0049 - Ap 49
	id	iazcomp.0049
	task	identify
	image	iazcomp.0049 - Ap 49
	aperture	49
	aplow	1600.04
	aphigh	1608.44
	units	Angstroms
	features	15
	        137.33 8739.78036  8739.7816   4.0 1 1 
	        377.73  8723.7203  8723.7177   4.0 1 1 
	       1081.57 8675.39899  8675.3983   4.0 1 1 
	       1185.68 8667.93911  8667.9442   4.0 1 1 
	       1219.73 8665.47738  8665.4855   4.0 1 1 
	       1351.06 8655.87996   8655.876   4.0 1 1 
	       1441.73 8649.15617   8649.149   4.0 1 1 
	       1493.12 8645.31007  8645.3087   4.0 1 1 
	       1570.86 8639.44337  8639.4416   4.0 1 1 
	       1585.02 8638.36833  8638.3623   4.0 1 1 
	       1806.38 8621.31909  8621.3225   4.0 1 1 
	       1817.46 8620.45419  8620.4602   4.0 1 1 
	       1871.54 8616.21668  8616.2219   4.0 1 1 
	       2003.49 8605.77549  8605.7762   4.0 1 1 
	       2025.47 8604.02252  8604.0163   4.0 1 1 
	function chebyshev
	order 5
	sample *
	naverage 1
	niterate 0
	low_reject 3.
	high_reject 3.
	grow 0.
	coefficients	9
		1.
		5.
		137.3341369628906
		2025.474853515625
		8673.599889670551
		-67.71004559700526
		-1.754769286229832
		-0.1688753095990202
		0.05631695947950122

# Mon 13:58:40 06-Feb-2023
begin	identify iazcomp.0049 - Ap 49
	id	iazcomp.0049
	task	identify
	image	iazcomp.0049 - Ap 49
	aperture	49
	aplow	1600.04
	aphigh	1608.44
	units	Angstroms
	features	15
	        137.93 8739.77938  8739.7816   4.0 1 1 
	        376.79 8723.72221  8723.7177   4.0 1 1 
	       1080.23 8675.40468  8675.3983   4.0 1 1 
	       1184.61 8667.92896  8667.9442   4.0 1 1 
	       1218.59 8665.47373  8665.4855   4.0 1 1 
	       1349.96 8655.87479   8655.876   4.0 1 1 
	       1440.52 8649.15953   8649.149   4.0 1 1 
	       1491.88 8645.31503  8645.3087   4.0 1 1 
	       1569.55 8639.45093  8639.4416   4.0 1 1 
	       1583.69 8638.37686  8638.3623   4.0 1 1 
	       1805.13 8621.31343  8621.3225   4.0 1 1 
	       1816.19 8620.44934  8620.4602   4.0 1 1 
	       1870.29 8616.20854  8616.2219   4.0 1 1 
	       2002.14 8605.77425  8605.7762   4.0 1 1 
	       2024.01 8604.03033  8604.0163   4.0 1 1 
	function chebyshev
	order 5
	sample *
	naverage 1
	niterate 0
	low_reject 3.
	high_reject 3.
	grow 0.
	coefficients	9
		1.
		5.
		137.9298706054687
		2024.011840820312
		8673.560871170925
		-67.67968416333014
		-1.723538465010289
		-0.1948387585301736
		0.06752350574808869

