# Tue 22:47:01 07-Sep-2021
begin	identify iazcomp.0042 - Ap 42
	id	iazcomp.0042
	task	identify
	image	iazcomp.0042 - Ap 42
	aperture	42
	aplow	1530.69
	aphigh	1538.13
	units	Angstroms
	features	23
	         19.47 7471.16422  7471.1641   4.0 1 1 
	        194.52 7461.87295  7461.8746   4.0 1 1 
	        317.39 7455.20641   7455.208   4.0 1 1 
	        505.77 7444.75263  7444.7489   4.0 1 1 
	        581.06 7440.49598  7440.4933   4.0 1 1 
	        654.55 7436.29777   7436.297   4.0 1 1 
	        670.68 7435.37032  7435.3683   4.0 1 1 
	        759.06 7430.25339  7430.2533   4.0 1 1 
	        781.55   7428.941  7428.9405   4.0 1 1 
	        843.76 7425.29128  7425.2942   4.0 1 1 
	        894.17 7422.31056  7422.3118   4.0 1 1 
	        957.34 7418.54763  7418.5499   4.0 1 1 
	        970.03 7417.78783  7417.7908   4.0 1 1 
	       1060.46 7412.33627  7412.3368   4.0 1 1 
	       1070.33 7411.73755  7411.7363   4.0 1 1 
	       1366.01 7393.43666  7393.4377   4.0 1 1 
	       1373.23 7392.98124  7392.9801   4.0 1 1 
	       1490.87 7385.49971  7385.5006   4.0 1 1 
	       1569.68  7380.4265  7380.4263   4.0 1 1 
	       1624.35  7376.8782  7376.8772   4.0 1 1 
	       1716.71 7370.82957  7370.8255   4.0 1 1 
	       1978.90 7353.28953   7353.293   4.0 1 1 
	       2015.24 7350.81501   7350.814   4.0 1 1 
	function chebyshev
	order 4
	sample *
	naverage 1
	niterate 2000
	low_reject 3.
	high_reject 3.
	grow 0.
	coefficients	8
		1.
		4.
		19.46636962890625
		2015.24462890625
		7412.96631782816
		-60.17399583889888
		-1.976706752583026
		-6.083307556836743E-4

# Fri 11:07:22 11-Mar-2022
begin	identify iazcomp.0042 - Ap 42
	id	iazcomp.0042
	task	identify
	image	iazcomp.0042 - Ap 42
	aperture	42
	aplow	1530.69
	aphigh	1538.13
	units	Angstroms
	features	22
	          3.17  7471.1628  7471.1641   4.0 1 1 
	        178.27  7461.8728  7461.8746   4.0 1 1 
	        434.28 7447.85285  7447.8488   4.0 1 1 
	        489.67 7444.75154  7444.7489   4.0 1 1 
	        564.96 7440.49652  7440.4933   4.0 1 1 
	        638.51 7436.29677   7436.297   4.0 1 1 
	        654.66 7435.36884  7435.3683   4.0 1 1 
	        743.06 7430.25296  7430.2533   4.0 1 1 
	        765.57 7428.94016  7428.9405   4.0 1 1 
	        827.80 7425.29075  7425.2942   4.0 1 1 
	        878.24 7422.31039  7422.3118   4.0 1 1 
	        941.45 7418.54674  7418.5499   4.0 1 1 
	       1044.61 7412.33601  7412.3368   4.0 1 1 
	       1350.34 7393.43526  7393.4377   4.0 1 1 
	       1357.55 7392.98061  7392.9801   4.0 1 1 
	       1475.25 7385.49974  7385.5006   4.0 1 1 
	       1554.10 7380.42645  7380.4263   4.0 1 1 
	       1608.81 7376.87735  7376.8772   4.0 1 1 
	       1681.58 7372.12019  7372.1184   4.0 1 1 
	       1701.16 7370.83302  7370.8255   4.0 1 1 
	       1963.57 7353.28875   7353.293   4.0 1 1 
	       1999.94  7350.8138   7350.814   4.0 1 1 
	function chebyshev
	order 4
	sample *
	naverage 1
	niterate 2000
	low_reject 3.
	high_reject 3.
	grow 0.
	coefficients	8
		1.
		4.
		3.169731855392456
		1999.938598632813
		7412.963351440472
		-60.17391931860183
		-1.975050613029238
		-5.797949983915974E-4

# Tue 15:32:36 29-Mar-2022
begin	identify iazcomp.0042 - Ap 42
	id	iazcomp.0042
	task	identify
	image	iazcomp.0042 - Ap 42
	aperture	42
	aplow	1530.69
	aphigh	1538.13
	units	Angstroms
	features	22
	          3.87 7471.16303  7471.1641   4.0 1 1 
	        178.96 7461.87214  7461.8746   4.0 1 1 
	        434.91 7447.85449  7447.8488   4.0 1 1 
	        490.35 7444.75011  7444.7489   4.0 1 1 
	        565.58 7440.49788  7440.4933   4.0 1 1 
	        639.16  7436.2963   7436.297   4.0 1 1 
	        655.31 7435.36854  7435.3683   4.0 1 1 
	        743.70 7430.25243  7430.2533   4.0 1 1 
	        766.22 7428.93967  7428.9405   4.0 1 1 
	        828.43 7425.29094  7425.2942   4.0 1 1 
	        878.86 7422.31038  7422.3118   4.0 1 1 
	        942.06 7418.54729  7418.5499   4.0 1 1 
	       1045.24 7412.33525  7412.3368   4.0 1 1 
	       1350.92 7393.43582  7393.4377   4.0 1 1 
	       1358.14 7392.98099  7392.9801   4.0 1 1 
	       1475.83 7385.49995  7385.5006   4.0 1 1 
	       1554.67 7380.42707  7380.4263   4.0 1 1 
	       1609.37 7376.87875  7376.8772   4.0 1 1 
	       1682.15 7372.12059  7372.1184   4.0 1 1 
	       1701.79 7370.82952  7370.8255   4.0 1 1 
	       1964.13 7353.28842   7353.293   4.0 1 1 
	       2000.48 7350.81472   7350.814   4.0 1 1 
	function chebyshev
	order 4
	sample *
	naverage 1
	niterate 2000
	low_reject 3.
	high_reject 3.
	grow 0.
	coefficients	8
		1.
		4.
		3.872062921524048
		2000.478881835938
		7412.963536102514
		-60.1733857226234
		-1.974657731653126
		-7.682644202899910E-4

# Mon 11:44:17 30-Jan-2023
begin	identify iazcomp.0042 - Ap 42
	id	iazcomp.0042
	task	identify
	image	iazcomp.0042 - Ap 42
	aperture	42
	aplow	1530.69
	aphigh	1538.13
	units	Angstroms
	features	24
	          8.17 7471.16136  7471.1641   4.0 1 1 
	         48.17 7469.06056  7469.0566   4.0 1 1 
	        183.22 7461.87412  7461.8746   4.0 1 1 
	        306.25 7455.20223   7455.208   4.0 1 1 
	        439.29 7447.85255  7447.8488   4.0 1 1 
	        494.66 7444.75207  7444.7489   4.0 1 1 
	        643.51 7436.29764   7436.297   4.0 1 1 
	        659.65 7435.37015  7435.3683   4.0 1 1 
	        748.08 7430.25333  7430.2533   4.0 1 1 
	        770.59  7428.9407  7428.9405   4.0 1 1 
	        832.81 7425.29198  7425.2942   4.0 1 1 
	        883.27 7422.31092  7422.3118   4.0 1 1 
	        946.47 7418.54821  7418.5499   4.0 1 1 
	        959.19 7417.78702  7417.7908   4.0 1 1 
	       1049.65 7412.33682  7412.3368   4.0 1 1 
	       1059.50 7411.73944  7411.7363   4.0 1 1 
	       1355.41 7393.43599  7393.4377   4.0 1 1 
	       1362.63 7392.98097  7392.9801   4.0 1 1 
	       1480.33 7385.50082  7385.5006   4.0 1 1 
	       1559.21 7380.42672  7380.4263   4.0 1 1 
	       1613.92 7376.87833  7376.8772   4.0 1 1 
	       1686.72 7372.11952  7372.1184   4.0 1 1 
	       1968.71 7353.29033   7353.293   4.0 1 1 
	       2005.08 7350.81544   7350.814   4.0 1 1 
	function chebyshev
	order 4
	sample *
	naverage 1
	niterate 2000
	low_reject 3.
	high_reject 3.
	grow 0.
	coefficients	8
		1.
		4.
		8.165979385375976
		2005.083129882813
		7412.962815111748
		-60.17238812670966
		-1.974413395365902
		-5.702476387911880E-4

# Mon 13:58:12 06-Feb-2023
begin	identify iazcomp.0042 - Ap 42
	id	iazcomp.0042
	task	identify
	image	iazcomp.0042 - Ap 42
	aperture	42
	aplow	1530.69
	aphigh	1538.13
	units	Angstroms
	features	24
	          7.34 7471.16705  7471.1641   4.0 1 1 
	         47.65 7469.04844  7469.0566   4.0 1 1 
	        182.33 7461.87776  7461.8746   4.0 1 1 
	        305.26 7455.20756   7455.208   4.0 1 1 
	        438.28 7447.85547  7447.8488   4.0 1 1 
	        493.70 7444.75142  7444.7489   4.0 1 1 
	        642.49 7436.29726   7436.297   4.0 1 1 
	        658.64 7435.36962  7435.3683   4.0 1 1 
	        747.04 7430.25221  7430.2533   4.0 1 1 
	        769.54 7428.94022  7428.9405   4.0 1 1 
	        831.76 7425.29034  7425.2942   4.0 1 1 
	        882.18 7422.31044  7422.3118   4.0 1 1 
	        945.37 7418.54732  7418.5499   4.0 1 1 
	        958.08 7417.78666  7417.7908   4.0 1 1 
	       1048.53 7412.33619  7412.3368   4.0 1 1 
	       1058.40 7411.73766  7411.7363   4.0 1 1 
	       1354.20 7393.43687  7393.4377   4.0 1 1 
	       1361.41 7392.98176  7392.9801   4.0 1 1 
	       1479.10 7385.50064  7385.5006   4.0 1 1 
	       1557.95 7380.42712  7380.4263   4.0 1 1 
	       1612.64 7376.87896  7376.8772   4.0 1 1 
	       1685.38 7372.12271  7372.1184   4.0 1 1 
	       1967.36 7353.28845   7353.293   4.0 1 1 
	       2003.70 7350.81508   7350.814   4.0 1 1 
	function chebyshev
	order 4
	sample *
	naverage 1
	niterate 2000
	low_reject 3.
	high_reject 3.
	grow 0.
	coefficients	8
		1.
		4.
		7.335062026977539
		2003.701049804688
		7412.963682777699
		-60.17418075547691
		-1.972620520639606
		-0.001805387980830722

