# Tue 22:39:41 07-Sep-2021
begin	identify iazcomp.0015 - Ap 15
	id	iazcomp.0015
	task	identify
	image	iazcomp.0015 - Ap 15
	aperture	15
	aplow	1162.
	aphigh	1170.71
	units	Angstroms
	features	39
	        125.92 4778.28988   4778.294   4.0 1 1 
	        158.25 4777.18922  4777.1915   4.0 1 1 
	        170.15 4776.78239  4776.7792   4.0 1 1 
	        199.00 4775.79403   4775.794   4.0 1 1 
	        212.92 4775.31548   4775.313   4.0 1 1 
	        272.94  4773.2406   4773.241   4.0 1 1 
	        461.42 4766.60306  4766.6006   4.0 1 1 
	        489.54 4765.59717   4765.595   4.0 1 1 
	        509.91 4764.86577  4764.8646   4.0 1 1 
	        524.31 4764.34755  4764.3463   4.0 1 1 
	        613.63 4761.10925  4761.1101   4.0 1 1 
	        719.53 4757.21636  4757.2196   4.0 1 1 
	        848.13 4752.41158  4752.4141   4.0 1 1 
	        932.92 4749.19706  4749.2002   4.0 1 1 
	       1076.00  4743.6897   4743.687   4.0 1 1 
	       1104.92 4742.56392  4742.5671   4.0 1 1 
	       1137.09 4741.30681  4741.3039   4.0 1 1 
	       1156.88 4740.53072  4740.5292   4.0 1 1 
	       1178.64 4739.67479  4739.6764   4.0 1 1 
	       1223.18 4737.91595  4737.9172   4.0 1 1 
	       1273.77 4735.90573  4735.9058   4.0 1 1 
	       1320.27 4734.04678  4734.0458   4.0 1 1 
	       1369.82 4732.05407  4732.0532   4.0 1 1 
	       1442.03  4729.1273  4729.1282   4.0 1 1 
	       1466.36  4728.1353   4728.133   4.0 1 1 
	       1497.31 4726.86891  4726.8683   4.0 1 1 
	       1572.23 4723.78393   4723.784   4.0 1 1 
	       1580.57  4723.4387  4723.4382   4.0 1 1 
	       1613.10 4722.08867  4722.0886   4.0 1 1 
	       1625.06 4721.59106   4721.591   4.0 1 1 
	       1644.48 4720.78171  4720.7811   4.0 1 1 
	       1652.23 4720.45806  4720.4586   4.0 1 1 
	       1771.76 4715.42937  4715.4308   4.0 1 1 
	       1832.61 4712.84191  4712.8408   4.0 1 1 
	       1841.14 4712.47748  4712.4814   4.0 1 1 
	       1879.70 4710.82681  4710.8238   4.0 1 1 
	       1938.52 4708.29429   4708.294   4.0 1 1 
	       1985.67 4706.25133  4706.2511   4.0 1 1 
	       1996.98 4705.75962  4705.7606   4.0 1 1 
	function chebyshev
	order 4
	sample *
	naverage 1
	niterate 2000
	low_reject 3.
	high_reject 3.
	grow 0.
	coefficients	8
		1.
		4.
		125.9169158935547
		1996.984497070313
		4743.139684447107
		-36.26921143809175
		-1.114937867551976
		0.004081795710223191

# Fri 10:53:06 11-Mar-2022
begin	identify iazcomp.0015 - Ap 15
	id	iazcomp.0015
	task	identify
	image	iazcomp.0015 - Ap 15
	aperture	15
	aplow	1162.
	aphigh	1170.71
	units	Angstroms
	features	43
	        110.60 4778.29129   4778.294   4.0 1 1 
	        142.85 4777.19316  4777.1915   4.0 1 1 
	        155.05 4776.77631  4776.7792   4.0 1 1 
	        183.68 4775.79545   4775.794   4.0 1 1 
	        197.65 4775.31521   4775.313   4.0 1 1 
	        257.67 4773.24034   4773.241   4.0 1 1 
	        446.21 4766.60274  4766.6006   4.0 1 1 
	        474.32 4765.59723   4765.595   4.0 1 1 
	        494.78 4764.86305  4764.8646   4.0 1 1 
	        509.11 4764.34753  4764.3463   4.0 1 1 
	        559.49 4762.52673  4762.5242   4.0 1 1 
	        598.47 4761.10876  4761.1101   4.0 1 1 
	        704.36   4757.218  4757.2196   4.0 1 1 
	        833.11 4752.41023  4752.4141   4.0 1 1 
	        917.94 4749.19635  4749.2002   4.0 1 1 
	       1061.12 4743.68862   4743.687   4.0 1 1 
	       1101.36 4742.12162  4742.1174   4.0 1 1 
	       1122.25 4741.30523  4741.3039   4.0 1 1 
	       1142.03 4740.52975  4740.5292   4.0 1 1 
	       1163.81 4739.67395  4739.6764   4.0 1 1 
	       1208.40 4737.91429  4737.9172   4.0 1 1 
	       1259.00 4735.90504  4735.9058   4.0 1 1 
	       1305.52 4734.04635  4734.0458   4.0 1 1 
	       1355.10 4732.05341  4732.0532   4.0 1 1 
	       1408.83 4729.87987  4729.8795   4.0 1 1 
	       1427.35 4729.12735  4729.1282   4.0 1 1 
	       1451.66 4728.13657   4728.133   4.0 1 1 
	       1482.65 4726.86941  4726.8683   4.0 1 1 
	       1557.61 4723.78462   4723.784   4.0 1 1 
	       1565.98  4723.4384  4723.4382   4.0 1 1 
	       1598.52 4722.08911  4722.0886   4.0 1 1 
	       1610.48  4721.5918   4721.591   4.0 1 1 
	       1618.05 4721.27662  4721.2765   4.0 1 1 
	       1629.94 4720.78106  4720.7811   4.0 1 1 
	       1637.67 4720.45876  4720.4586   4.0 1 1 
	       1757.30  4715.4285  4715.4308   4.0 1 1 
	       1818.20 4712.84036  4712.8408   4.0 1 1 
	       1826.69 4712.47804  4712.4814   4.0 1 1 
	       1865.33 4710.82468  4710.8238   4.0 1 1 
	       1924.13 4708.29391   4708.294   4.0 1 1 
	       1971.30 4706.25157  4706.2511   4.0 1 1 
	       1982.62 4705.75973  4705.7606   4.0 1 1 
	       2023.20 4703.99158  4703.9898   4.0 1 1 
	function chebyshev
	order 4
	sample *
	naverage 1
	niterate 2000
	low_reject 3.
	high_reject 3.
	grow 0.
	coefficients	8
		1.
		4.
		110.5976409912109
		2023.197875976563
		4742.302712947134
		-37.15309987680143
		-1.161277523691074
		0.003247251295368345

# Tue 15:08:33 29-Mar-2022
begin	identify iazcomp.0015 - Ap 15
	id	iazcomp.0015
	task	identify
	image	iazcomp.0015 - Ap 15
	aperture	15
	aplow	1162.
	aphigh	1170.71
	units	Angstroms
	features	43
	        111.29 4778.29127   4778.294   4.0 1 1 
	        143.58 4777.19219  4777.1915   4.0 1 1 
	        155.68 4776.77858  4776.7792   4.0 1 1 
	        184.42  4775.7937   4775.794   4.0 1 1 
	        198.32 4775.31581   4775.313   4.0 1 1 
	        258.37 4773.23994   4773.241   4.0 1 1 
	        446.89 4766.60217  4766.6006   4.0 1 1 
	        474.98 4765.59748   4765.595   4.0 1 1 
	        495.37 4764.86579  4764.8646   4.0 1 1 
	        509.76 4764.34802  4764.3463   4.0 1 1 
	        560.19 4762.52504  4762.5242   4.0 1 1 
	        599.15 4761.10758  4761.1101   4.0 1 1 
	        705.02  4757.2172  4757.2196   4.0 1 1 
	        833.72 4752.41076  4752.4141   4.0 1 1 
	        918.54 4749.19648  4749.2002   4.0 1 1 
	       1061.69 4743.68916   4743.687   4.0 1 1 
	       1101.95  4742.1215  4742.1174   4.0 1 1 
	       1122.85 4741.30443  4741.3039   4.0 1 1 
	       1142.60 4740.53019  4740.5292   4.0 1 1 
	       1164.38 4739.67445  4739.6764   4.0 1 1 
	       1208.96 4737.91459  4737.9172   4.0 1 1 
	       1259.56 4735.90518  4735.9058   4.0 1 1 
	       1306.07 4734.04704  4734.0458   4.0 1 1 
	       1355.65 4732.05383  4732.0532   4.0 1 1 
	       1409.37 4729.88028  4729.8795   4.0 1 1 
	       1427.90  4729.1272  4729.1282   4.0 1 1 
	       1452.24  4728.1352   4728.133   4.0 1 1 
	       1483.21 4726.86887  4726.8683   4.0 1 1 
	       1558.18 4723.78357   4723.784   4.0 1 1 
	       1566.52 4723.43852  4723.4382   4.0 1 1 
	       1599.06 4722.08884  4722.0886   4.0 1 1 
	       1611.03 4721.59147   4721.591   4.0 1 1 
	       1618.58  4721.2769  4721.2765   4.0 1 1 
	       1630.46 4720.78169  4720.7811   4.0 1 1 
	       1638.21 4720.45853  4720.4586   4.0 1 1 
	       1757.84 4715.42805  4715.4308   4.0 1 1 
	       1818.69 4712.84197  4712.8408   4.0 1 1 
	       1827.24 4712.47719  4712.4814   4.0 1 1 
	       1865.83 4710.82601  4710.8238   4.0 1 1 
	       1924.65 4708.29434   4708.294   4.0 1 1 
	       1971.86 4706.25053  4706.2511   4.0 1 1 
	       1983.17 4705.75891  4705.7606   4.0 1 1 
	       2023.72 4703.99216  4703.9898   4.0 1 1 
	function chebyshev
	order 4
	sample *
	naverage 1
	niterate 2000
	low_reject 3.
	high_reject 3.
	grow 0.
	coefficients	8
		1.
		4.
		111.2949142456055
		2023.716552734375
		4742.30249589462
		-37.15318049670123
		-1.160781469169522
		0.00362405256511485

# Mon 11:34:15 30-Jan-2023
begin	identify iazcomp.0015 - Ap 15
	id	iazcomp.0015
	task	identify
	image	iazcomp.0015 - Ap 15
	aperture	15
	aplow	1162.
	aphigh	1170.71
	units	Angstroms
	features	37
	        115.53 4778.29051   4778.294   4.0 1 1 
	        147.85 4777.19037  4777.1915   4.0 1 1 
	        159.84 4776.78064  4776.7792   4.0 1 1 
	        188.63 4775.79431   4775.794   4.0 1 1 
	        202.55  4775.3159   4775.313   4.0 1 1 
	        262.58 4773.24081   4773.241   4.0 1 1 
	        451.15 4766.60291  4766.6006   4.0 1 1 
	        479.28 4765.59703   4765.595   4.0 1 1 
	        499.70 4764.86424  4764.8646   4.0 1 1 
	        514.06 4764.34764  4764.3463   4.0 1 1 
	        564.53 4762.52383  4762.5242   4.0 1 1 
	        603.45 4761.10855  4761.1101   4.0 1 1 
	        709.39 4757.21658  4757.2196   4.0 1 1 
	        838.10 4752.41114  4752.4141   4.0 1 1 
	        922.94 4749.19732  4749.2002   4.0 1 1 
	       1066.12 4743.69038   4743.687   4.0 1 1 
	       1106.43 4742.12137  4742.1174   4.0 1 1 
	       1127.28 4741.30636  4741.3039   4.0 1 1 
	       1147.10 4740.52984  4740.5292   4.0 1 1 
	       1168.89 4739.67376  4739.6764   4.0 1 1 
	       1213.45 4737.91539  4737.9172   4.0 1 1 
	       1264.08   4735.905  4735.9058   4.0 1 1 
	       1310.65 4734.04489  4734.0458   4.0 1 1 
	       1360.19 4732.05352  4732.0532   4.0 1 1 
	       1432.44 4729.12733  4729.1282   4.0 1 1 
	       1456.80 4728.13484   4728.133   4.0 1 1 
	       1487.76 4726.86917  4726.8683   4.0 1 1 
	       1562.73 4723.78427   4723.784   4.0 1 1 
	       1571.09  4723.4383  4723.4382   4.0 1 1 
	       1603.64  4722.0888  4722.0886   4.0 1 1 
	       1615.60  4721.5915   4721.591   4.0 1 1 
	       1762.42 4715.42832  4715.4308   4.0 1 1 
	       1823.31 4712.84039  4712.8408   4.0 1 1 
	       1870.41 4710.82598  4710.8238   4.0 1 1 
	       1929.27 4708.29235   4708.294   4.0 1 1 
	       1987.74 4705.75893  4705.7606   4.0 1 1 
	       2028.28 4703.99191  4703.9898   4.0 1 1 
	function chebyshev
	order 4
	sample *
	naverage 1
	niterate 2000
	low_reject 3.
	high_reject 3.
	grow 0.
	coefficients	8
		1.
		4.
		115.5309829711914
		2028.28369140625
		4742.303454625794
		-37.15191543944827
		-1.162241805205645
		0.002615877576021459

# Mon 13:56:51 06-Feb-2023
begin	identify iazcomp.0015 - Ap 15
	id	iazcomp.0015
	task	identify
	image	iazcomp.0015 - Ap 15
	aperture	15
	aplow	1162.
	aphigh	1170.71
	units	Angstroms
	features	37
	        114.62 4778.29067   4778.294   4.0 1 1 
	        146.96 4777.18957  4777.1915   4.0 1 1 
	        158.90 4776.78158  4776.7792   4.0 1 1 
	        187.71 4775.79423   4775.794   4.0 1 1 
	        201.64 4775.31539   4775.313   4.0 1 1 
	        261.64 4773.24137   4773.241   4.0 1 1 
	        450.19 4766.60244  4766.6006   4.0 1 1 
	        478.30 4765.59681   4765.595   4.0 1 1 
	        498.71 4764.86451  4764.8646   4.0 1 1 
	        513.09 4764.34695  4764.3463   4.0 1 1 
	        563.52 4762.52406  4762.5242   4.0 1 1 
	        602.40 4761.10946  4761.1101   4.0 1 1 
	        708.33  4757.2165  4757.2196   4.0 1 1 
	        836.99 4752.41107  4752.4141   4.0 1 1 
	        921.81 4749.19693  4749.2002   4.0 1 1 
	       1064.94 4743.68972   4743.687   4.0 1 1 
	       1105.20 4742.12222  4742.1174   4.0 1 1 
	       1126.07 4741.30609  4741.3039   4.0 1 1 
	       1145.87 4740.52988  4740.5292   4.0 1 1 
	       1167.64 4739.67414  4739.6764   4.0 1 1 
	       1212.21 4737.91467  4737.9172   4.0 1 1 
	       1262.81 4735.90528  4735.9058   4.0 1 1 
	       1309.32 4734.04671  4734.0458   4.0 1 1 
	       1358.89 4732.05372  4732.0532   4.0 1 1 
	       1431.14 4729.12696  4729.1282   4.0 1 1 
	       1455.49 4728.13445   4728.133   4.0 1 1 
	       1486.44 4726.86875  4726.8683   4.0 1 1 
	       1561.38 4723.78401   4723.784   4.0 1 1 
	       1569.74 4723.43835  4723.4382   4.0 1 1 
	       1602.28 4722.08856  4722.0886   4.0 1 1 
	       1614.27 4721.58991   4721.591   4.0 1 1 
	       1761.00 4715.42946  4715.4308   4.0 1 1 
	       1821.91  4712.8406  4712.8408   4.0 1 1 
	       1869.00 4710.82657  4710.8238   4.0 1 1 
	       1927.86 4708.29296   4708.294   4.0 1 1 
	       1986.36 4705.75829  4705.7606   4.0 1 1 
	       2026.90 4703.99158  4703.9898   4.0 1 1 
	function chebyshev
	order 4
	sample *
	naverage 1
	niterate 2000
	low_reject 3.
	high_reject 3.
	grow 0.
	coefficients	8
		1.
		4.
		114.6157455444336
		2026.897216796875
		4742.302497211178
		-37.15334478577422
		-1.161374834813069
		0.003800586603319716

