# Tue 22:40:15 07-Sep-2021
begin	identify iazcomp.0017 - Ap 17
	id	iazcomp.0017
	task	identify
	image	iazcomp.0017 - Ap 17
	aperture	17
	aplow	1196.11
	aphigh	1204.99
	units	Angstroms
	features	42
	         62.37 4911.37812  4911.3787   4.0 1 1 
	         79.25 4910.79399  4910.7929   4.0 1 1 
	         97.62 4910.15651  4910.1576   4.0 1 1 
	        181.90 4907.20868  4907.2093   4.0 1 1 
	        251.27 4904.75373  4904.7516   4.0 1 1 
	        306.13 4902.79455  4902.7943   4.0 1 1 
	        326.87 4902.04928  4902.0545   4.0 1 1 
	        416.45 4898.80569  4898.8044   4.0 1 1 
	        521.26 4894.95673  4894.9551   4.0 1 1 
	        561.90 4893.44859  4893.4453   4.0 1 1 
	        580.28  4892.7634  4892.7592   4.0 1 1 
	        609.80  4891.6597  4891.6606   4.0 1 1 
	        641.80 4890.45779  4890.4582   4.0 1 1 
	        667.48 4889.48943  4889.4903   4.0 1 1 
	        679.29 4889.04289  4889.0422   4.0 1 1 
	        856.78 4882.24403  4882.2432   4.0 1 1 
	        866.85 4881.85354  4881.8531   4.0 1 1 
	        883.59 4881.20275  4881.2046   4.0 1 1 
	        917.94 4879.86286  4879.8635   4.0 1 1 
	        946.83 4878.73147   4878.733   4.0 1 1 
	        965.27 4878.00665  4878.0094   4.0 1 1 
	       1003.69  4876.4911  4876.4949   4.0 1 1 
	       1057.30 4874.36353  4874.3645   4.0 1 1 
	       1093.50 4872.91847  4872.9169   4.0 1 1 
	       1134.11  4871.2892   4871.289   4.0 1 1 
	       1193.72 4868.88168  4868.8814   4.0 1 1 
	       1226.43 4867.55307   4867.556   4.0 1 1 
	       1266.55 4865.91551    4865.91   4.0 1 1 
	       1277.23 4865.47818  4865.4775   4.0 1 1 
	       1333.41 4863.16783  4863.1724   4.0 1 1 
	       1368.50 4861.71635  4861.7173   4.0 1 1 
	       1380.49 4861.21879  4861.2167   4.0 1 1 
	       1449.69 4858.33352  4858.3327   4.0 1 1 
	       1468.57 4857.54187  4857.5385   4.0 1 1 
	       1579.13 4852.86929  4852.8685   4.0 1 1 
	       1636.03 4850.43991  4850.4397   4.0 1 1 
	       1649.49  4849.8626  4849.8617   4.0 1 1 
	       1684.38 4848.36214  4848.3625   4.0 1 1 
	       1697.18 4847.81008  4847.8095   4.0 1 1 
	       1758.32 4845.16138  4845.1626   4.0 1 1 
	       1781.22 4844.16417  4844.1653   4.0 1 1 
	       1865.44 4840.47392  4840.4744   4.0 1 1 
	function chebyshev
	order 4
	sample *
	naverage 1
	niterate 2000
	low_reject 3.
	high_reject 3.
	grow 0.
	coefficients	8
		1.
		4.
		62.37329864501953
		1865.440063476563
		4876.993185630049
		-35.45479327052813
		-1.067161717383812
		0.002693800530698013

# Fri 10:54:20 11-Mar-2022
begin	identify iazcomp.0017 - Ap 17
	id	iazcomp.0017
	task	identify
	image	iazcomp.0017 - Ap 17
	aperture	17
	aplow	1196.11
	aphigh	1204.99
	units	Angstroms
	features	38
	         46.95 4911.37817  4911.3787   4.0 1 1 
	         63.87 4910.79257  4910.7929   4.0 1 1 
	         82.24  4910.1553  4910.1576   4.0 1 1 
	        166.53 4907.20781  4907.2093   4.0 1 1 
	        235.87 4904.75499  4904.7516   4.0 1 1 
	        290.74  4902.7959  4902.7943   4.0 1 1 
	        401.16 4898.80513  4898.8044   4.0 1 1 
	        505.99 4894.95664  4894.9551   4.0 1 1 
	        546.67 4893.44774  4893.4453   4.0 1 1 
	        594.54  4891.6608  4891.6606   4.0 1 1 
	        626.62 4890.45658  4890.4582   4.0 1 1 
	        652.27 4889.48992  4889.4903   4.0 1 1 
	        664.10 4889.04302  4889.0422   4.0 1 1 
	        841.68 4882.24376  4882.2432   4.0 1 1 
	        851.73 4881.85414  4881.8531   4.0 1 1 
	        868.50 4881.20266  4881.2046   4.0 1 1 
	        902.88 4879.86249  4879.8635   4.0 1 1 
	        931.77 4878.73135   4878.733   4.0 1 1 
	        950.22  4878.0067  4878.0094   4.0 1 1 
	       1042.32   4874.363  4874.3645   4.0 1 1 
	       1078.54 4872.91791  4872.9169   4.0 1 1 
	       1119.18 4871.28825   4871.289   4.0 1 1 
	       1178.79 4868.88203  4868.8814   4.0 1 1 
	       1211.49 4867.55451   4867.556   4.0 1 1 
	       1262.37 4865.47768  4865.4775   4.0 1 1 
	       1353.68 4861.71614  4861.7173   4.0 1 1 
	       1365.69 4861.21823  4861.2167   4.0 1 1 
	       1434.96  4858.3319  4858.3327   4.0 1 1 
	       1453.86 4857.54002  4857.5385   4.0 1 1 
	       1564.44 4852.86946  4852.8685   4.0 1 1 
	       1621.36 4850.44025  4850.4397   4.0 1 1 
	       1634.83 4849.86325  4849.8617   4.0 1 1 
	       1669.75 4848.36253  4848.3625   4.0 1 1 
	       1682.55 4847.81068  4847.8095   4.0 1 1 
	       1743.73 4845.16211  4845.1626   4.0 1 1 
	       1766.63 4844.16549  4844.1653   4.0 1 1 
	       1850.91 4840.47491  4840.4744   4.0 1 1 
	       2023.56 4832.80049  4832.8025   4.0 1 1 
	function chebyshev
	order 4
	sample *
	naverage 1
	niterate 2000
	low_reject 3.
	high_reject 3.
	grow 0.
	coefficients	8
		1.
		4.
		46.94758987426758
		2023.557739257813
		4873.366722946061
		-39.292206670199
		-1.277392996495818
		0.00336954555093771

# Tue 15:08:36 29-Mar-2022
begin	identify iazcomp.0017 - Ap 17
	id	iazcomp.0017
	task	identify
	image	iazcomp.0017 - Ap 17
	aperture	17
	aplow	1196.11
	aphigh	1204.99
	units	Angstroms
	features	38
	         47.63 4911.37902  4911.3787   4.0 1 1 
	         64.60  4910.7918  4910.7929   4.0 1 1 
	         82.91 4910.15628  4910.1576   4.0 1 1 
	        167.27 4907.20646  4907.2093   4.0 1 1 
	        236.55 4904.75529  4904.7516   4.0 1 1 
	        291.46 4902.79482  4902.7943   4.0 1 1 
	        401.83 4898.80512  4898.8044   4.0 1 1 
	        506.64 4894.95705  4894.9551   4.0 1 1 
	        547.32  4893.4479  4893.4453   4.0 1 1 
	        595.17 4891.66161  4891.6606   4.0 1 1 
	        627.23 4890.45808  4890.4582   4.0 1 1 
	        652.94 4889.48887  4889.4903   4.0 1 1 
	        664.74 4889.04298  4889.0422   4.0 1 1 
	        842.30 4882.24377  4882.2432   4.0 1 1 
	        852.33  4881.8548  4881.8531   4.0 1 1 
	        869.12 4881.20212  4881.2046   4.0 1 1 
	        903.48 4879.86248  4879.8635   4.0 1 1 
	        932.38 4878.73112   4878.733   4.0 1 1 
	        950.82 4878.00664  4878.0094   4.0 1 1 
	       1042.92 4874.36266  4874.3645   4.0 1 1 
	       1079.13  4872.9176  4872.9169   4.0 1 1 
	       1119.75 4871.28837   4871.289   4.0 1 1 
	       1179.38 4868.88142  4868.8814   4.0 1 1 
	       1212.08 4867.55379   4867.556   4.0 1 1 
	       1262.93 4865.47768  4865.4775   4.0 1 1 
	       1354.25 4861.71567  4861.7173   4.0 1 1 
	       1366.25 4861.21808  4861.2167   4.0 1 1 
	       1435.50 4858.33234  4858.3327   4.0 1 1 
	       1454.34 4857.54282  4857.5385   4.0 1 1 
	       1564.98 4852.86945  4852.8685   4.0 1 1 
	       1621.91 4850.44003  4850.4397   4.0 1 1 
	       1635.37 4849.86322  4849.8617   4.0 1 1 
	       1670.30 4848.36201  4848.3625   4.0 1 1 
	       1683.10  4847.8104  4847.8095   4.0 1 1 
	       1744.28 4845.16178  4845.1626   4.0 1 1 
	       1767.19 4844.16482  4844.1653   4.0 1 1 
	       1851.44  4840.4756  4840.4744   4.0 1 1 
	       2024.12 4832.80053  4832.8025   4.0 1 1 
	function chebyshev
	order 4
	sample *
	naverage 1
	niterate 2000
	low_reject 3.
	high_reject 3.
	grow 0.
	coefficients	8
		1.
		4.
		47.62580108642578
		2024.120971679687
		4873.366324124187
		-39.29321304894081
		-1.27654535284833
		0.003966986619499325

# Mon 11:34:24 30-Jan-2023
begin	identify iazcomp.0017 - Ap 17
	id	iazcomp.0017
	task	identify
	image	iazcomp.0017 - Ap 17
	aperture	17
	aplow	1196.11
	aphigh	1204.99
	units	Angstroms
	features	36
	         51.90 4911.37837  4911.3787   4.0 1 1 
	         68.77 4910.79461  4910.7929   4.0 1 1 
	         87.18 4910.15563  4910.1576   4.0 1 1 
	        171.51 4907.20637  4907.2093   4.0 1 1 
	        240.83 4904.75423  4904.7516   4.0 1 1 
	        295.73 4902.79414  4902.7943   4.0 1 1 
	        406.08  4898.8061  4898.8044   4.0 1 1 
	        510.96 4894.95624  4894.9551   4.0 1 1 
	        551.65 4893.44686  4893.4453   4.0 1 1 
	        599.51 4891.66094  4891.6606   4.0 1 1 
	        631.58 4890.45726  4890.4582   4.0 1 1 
	        657.26 4889.48933  4889.4903   4.0 1 1 
	        669.08 4889.04272  4889.0422   4.0 1 1 
	        846.68 4882.24451  4882.2432   4.0 1 1 
	        856.74 4881.85448  4881.8531   4.0 1 1 
	        873.51  4881.2029  4881.2046   4.0 1 1 
	        907.90 4879.86251  4879.8635   4.0 1 1 
	        936.80 4878.73144   4878.733   4.0 1 1 
	        955.25 4878.00701  4878.0094   4.0 1 1 
	       1047.37 4874.36333  4874.3645   4.0 1 1 
	       1083.59 4872.91825  4872.9169   4.0 1 1 
	       1124.23 4871.28898   4871.289   4.0 1 1 
	       1183.90 4868.88104  4868.8814   4.0 1 1 
	       1216.59 4867.55403   4867.556   4.0 1 1 
	       1267.46 4865.47785  4865.4775   4.0 1 1 
	       1358.80 4861.71602  4861.7173   4.0 1 1 
	       1370.80 4861.21852  4861.2167   4.0 1 1 
	       1440.06 4858.33258  4858.3327   4.0 1 1 
	       1458.94 4857.54168  4857.5385   4.0 1 1 
	       1569.56 4852.86972  4852.8685   4.0 1 1 
	       1626.50  4850.4402  4850.4397   4.0 1 1 
	       1639.98 4849.86227  4849.8617   4.0 1 1 
	       1674.89 4848.36206  4848.3625   4.0 1 1 
	       1687.68 4847.81072  4847.8095   4.0 1 1 
	       1748.85 4845.16218  4845.1626   4.0 1 1 
	       1771.82 4844.16252  4844.1653   4.0 1 1 
	function chebyshev
	order 4
	sample *
	naverage 1
	niterate 2000
	low_reject 3.
	high_reject 3.
	grow 0.
	coefficients	8
		1.
		4.
		51.90092468261718
		1771.82373046875
		4878.7391461098
		-33.60916188899749
		-0.9687030173062854
		0.001238909603135998

# Mon 13:56:54 06-Feb-2023
begin	identify iazcomp.0017 - Ap 17
	id	iazcomp.0017
	task	identify
	image	iazcomp.0017 - Ap 17
	aperture	17
	aplow	1196.11
	aphigh	1204.99
	units	Angstroms
	features	36
	         50.93 4911.37922  4911.3787   4.0 1 1 
	         67.87 4910.79306  4910.7929   4.0 1 1 
	         86.23 4910.15608  4910.1576   4.0 1 1 
	        170.54 4907.20752  4907.2093   4.0 1 1 
	        239.90  4904.7534  4904.7516   4.0 1 1 
	        294.76 4902.79452  4902.7943   4.0 1 1 
	        405.15 4898.80438  4898.8044   4.0 1 1 
	        509.95 4894.95636  4894.9551   4.0 1 1 
	        550.62 4893.44756  4893.4453   4.0 1 1 
	        598.47 4891.66134  4891.6606   4.0 1 1 
	        630.52 4890.45771  4890.4582   4.0 1 1 
	        656.21 4889.48947  4889.4903   4.0 1 1 
	        668.03 4889.04272  4889.0422   4.0 1 1 
	        845.57 4882.24403  4882.2432   4.0 1 1 
	        855.62 4881.85455  4881.8531   4.0 1 1 
	        872.39 4881.20263  4881.2046   4.0 1 1 
	        906.74 4879.86351  4879.8635   4.0 1 1 
	        935.65  4878.7313   4878.733   4.0 1 1 
	        954.11 4878.00647  4878.0094   4.0 1 1 
	       1046.18 4874.36319  4874.3645   4.0 1 1 
	       1082.38 4872.91843  4872.9169   4.0 1 1 
	       1123.03 4871.28815   4871.289   4.0 1 1 
	       1182.64 4868.88193  4868.8814   4.0 1 1 
	       1215.35 4867.55327   4867.556   4.0 1 1 
	       1266.18 4865.47796  4865.4775   4.0 1 1 
	       1357.51 4861.71562  4861.7173   4.0 1 1 
	       1369.49 4861.21888  4861.2167   4.0 1 1 
	       1438.71 4858.33379  4858.3327   4.0 1 1 
	       1457.61 4857.54161  4857.5385   4.0 1 1 
	       1568.21 4852.86946  4852.8685   4.0 1 1 
	       1625.14 4850.43962  4850.4397   4.0 1 1 
	       1638.59 4849.86291  4849.8617   4.0 1 1 
	       1673.51 4848.36206  4848.3625   4.0 1 1 
	       1686.32 4847.80974  4847.8095   4.0 1 1 
	       1747.48 4845.16128  4845.1626   4.0 1 1 
	       1770.40 4844.16388  4844.1653   4.0 1 1 
	function chebyshev
	order 4
	sample *
	naverage 1
	niterate 2000
	low_reject 3.
	high_reject 3.
	grow 0.
	coefficients	8
		1.
		4.
		50.93077850341797
		1770.396484375
		4878.740824122355
		-33.60987574416307
		-0.9692752086360103
		0.002207889343292864

