# Tue 22:43:25 07-Sep-2021
begin	identify iazcomp.0027 - Ap 27
	id	iazcomp.0027
	task	identify
	image	iazcomp.0027 - Ap 27
	aperture	27
	aplow	1348.66
	aphigh	1358.
	units	Angstroms
	features	27
	         40.76 5691.66071  5691.6612   4.0 1 1 
	        147.65 5687.34902  5687.3489   4.0 1 1 
	        200.55 5685.19005  5685.1921   4.0 1 1 
	        280.29 5681.90463  5681.9001   4.0 1 1 
	        396.48 5677.04991  5677.0529   4.0 1 1 
	        445.15 5674.99206  5674.9864   4.0 1 1 
	        472.43 5673.83252  5673.8358   4.0 1 1 
	        628.15 5667.12732  5667.1281   4.0 1 1 
	        644.27 5666.42435  5666.4185   4.0 1 1 
	        662.56 5665.62554  5665.6283   4.0 1 1 
	        672.79 5665.17756  5665.1799   4.0 1 1 
	        685.56 5664.61766   5664.621   4.0 1 1 
	        721.46 5663.03839   5663.042   4.0 1 1 
	        809.48 5659.13289  5659.1272   4.0 1 1 
	        836.49 5657.92498  5657.9255   4.0 1 1 
	        890.58 5655.49231  5655.4897   4.0 1 1 
	        923.09 5654.02161  5654.0234   4.0 1 1 
	        995.88 5650.70522  5650.7043   4.0 1 1 
	       1033.29 5648.98796   5648.991   4.0 1 1 
	       1088.23 5646.45094  5646.4514   4.0 1 1 
	       1231.46 5639.74898  5639.7461   4.0 1 1 
	       1366.94 5633.29505   5633.295   4.0 1 1 
	       1732.63 5615.31933  5615.3195   4.0 1 1 
	       1797.11 5612.06689  5612.0679   4.0 1 1 
	       1824.48 5610.67925  5610.6809   4.0 1 1 
	       1901.80 5606.73481   5606.733   4.0 1 1 
	       1945.00 5604.51556  5604.5154   4.0 1 1 
	function chebyshev
	order 5
	sample *
	naverage 1
	niterate 2000
	low_reject 3.
	high_reject 3.
	grow 0.
	coefficients	9
		1.
		5.
		40.7607421875
		1945.002319335937
		5649.462002656419
		-43.57312772671514
		-1.377104209700945
		5.531395310357013E-4
		0.003240523595301892

# Fri 10:58:26 11-Mar-2022
begin	identify iazcomp.0027 - Ap 27
	id	iazcomp.0027
	task	identify
	image	iazcomp.0027 - Ap 27
	aperture	27
	aplow	1348.66
	aphigh	1358.
	units	Angstroms
	features	32
	         24.96 5691.65978  5691.6612   4.0 1 1 
	        131.81 5687.35146  5687.3489   4.0 1 1 
	        184.81 5685.18957  5685.1921   4.0 1 1 
	        264.61  5681.9035  5681.9001   4.0 1 1 
	        380.77 5677.05184  5677.0529   4.0 1 1 
	        456.75 5673.83491  5673.8358   4.0 1 1 
	        612.55 5667.12867  5667.1281   4.0 1 1 
	        628.77 5666.42229  5666.4185   4.0 1 1 
	        646.99  5665.6267  5665.6283   4.0 1 1 
	        657.23 5665.17866  5665.1799   4.0 1 1 
	        670.01 5664.61825   5664.621   4.0 1 1 
	        705.90 5663.03985   5663.042   4.0 1 1 
	        793.98 5659.13335  5659.1272   4.0 1 1 
	        821.00 5657.92527  5657.9255   4.0 1 1 
	        907.65 5654.02147  5654.0234   4.0 1 1 
	        980.46 5650.70535  5650.7043   4.0 1 1 
	       1017.88 5648.98823   5648.991   4.0 1 1 
	       1072.86 5646.45036  5646.4514   4.0 1 1 
	       1216.20  5639.7463  5639.7461   4.0 1 1 
	       1351.75 5633.29127   5633.295   4.0 1 1 
	       1413.74 5630.30225  5630.2969   4.0 1 1 
	       1508.61 5625.68319  5625.6782   4.0 1 1 
	       1624.33 5619.97579  5619.9755   4.0 1 1 
	       1717.64 5615.31604  5615.3195   4.0 1 1 
	       1782.17 5612.06406  5612.0679   4.0 1 1 
	       1809.53 5610.67741  5610.6809   4.0 1 1 
	       1831.19 5609.57713  5609.5735   4.0 1 1 
	       1886.91 5606.73334   5606.733   4.0 1 1 
	       1893.67 5606.38743  5606.3861   4.0 1 1 
	       1930.14 5604.51493  5604.5154   4.0 1 1 
	       1962.25 5602.86075   5602.863   4.0 1 1 
	       1986.51 5601.60642  5601.6032   4.0 1 1 
	function chebyshev
	order 5
	sample *
	naverage 1
	niterate 2000
	low_reject 3.
	high_reject 3.
	grow 0.
	coefficients	9
		1.
		5.
		24.95893478393555
		1986.511474609375
		5648.085708357708
		-45.02974941759005
		-1.456705956751295
		0.003068955444569308
		0.004101096096699625

# Tue 15:32:15 29-Mar-2022
begin	identify iazcomp.0027 - Ap 27
	id	iazcomp.0027
	task	identify
	image	iazcomp.0027 - Ap 27
	aperture	27
	aplow	1348.66
	aphigh	1358.
	units	Angstroms
	features	32
	         25.64 5691.66146  5691.6612   4.0 1 1 
	        132.62 5687.34705  5687.3489   4.0 1 1 
	        185.48 5685.19057  5685.1921   4.0 1 1 
	        265.24 5681.90577  5681.9001   4.0 1 1 
	        381.44  5677.0517  5677.0529   4.0 1 1 
	        457.43 5673.83391  5673.8358   4.0 1 1 
	        613.19 5667.12872  5667.1281   4.0 1 1 
	        629.41 5666.42227  5666.4185   4.0 1 1 
	        647.62 5665.62676  5665.6283   4.0 1 1 
	        657.86 5665.17866  5665.1799   4.0 1 1 
	        670.63   5664.619   5664.621   4.0 1 1 
	        706.52 5663.04049   5663.042   4.0 1 1 
	        794.59 5659.13359  5659.1272   4.0 1 1 
	        821.62 5657.92535  5657.9255   4.0 1 1 
	        908.25 5654.02143  5654.0234   4.0 1 1 
	        981.07 5650.70468  5650.7043   4.0 1 1 
	       1018.48 5648.98799   5648.991   4.0 1 1 
	       1073.47 5646.44913  5646.4514   4.0 1 1 
	       1216.76 5639.74644  5639.7461   4.0 1 1 
	       1352.29 5633.29199   5633.295   4.0 1 1 
	       1414.29 5630.30192  5630.2969   4.0 1 1 
	       1509.14 5625.68339  5625.6782   4.0 1 1 
	       1624.82 5619.97774  5619.9755   4.0 1 1 
	       1718.19 5615.31479  5615.3195   4.0 1 1 
	       1782.68  5612.0641  5612.0679   4.0 1 1 
	       1810.08 5610.67588  5610.6809   4.0 1 1 
	       1831.68 5609.57862  5609.5735   4.0 1 1 
	       1887.44 5606.73254   5606.733   4.0 1 1 
	       1894.21 5606.38624  5606.3861   4.0 1 1 
	       1930.65 5604.51534  5604.5154   4.0 1 1 
	       1962.72 5602.86297   5602.863   4.0 1 1 
	       1987.05 5601.60534  5601.6032   4.0 1 1 
	function chebyshev
	order 5
	sample *
	naverage 1
	niterate 2000
	low_reject 3.
	high_reject 3.
	grow 0.
	coefficients	9
		1.
		5.
		25.63787460327148
		1987.048583984375
		5648.085400539362
		-45.03133958115326
		-1.456265957217326
		0.003277804222087141
		0.004263481558605817

# Mon 11:38:02 30-Jan-2023
begin	identify iazcomp.0027 - Ap 27
	id	iazcomp.0027
	task	identify
	image	iazcomp.0027 - Ap 27
	aperture	27
	aplow	1348.66
	aphigh	1358.
	units	Angstroms
	features	33
	         29.94 5691.66054  5691.6612   4.0 1 1 
	        136.83 5687.35155  5687.3489   4.0 1 1 
	        189.76 5685.19265  5685.1921   4.0 1 1 
	        339.44 5678.99806   5679.005   4.0 1 1 
	        385.77 5677.05333  5677.0529   4.0 1 1 
	        461.73 5673.83679  5673.8358   4.0 1 1 
	        617.56 5667.12965  5667.1281   4.0 1 1 
	        633.72  5666.4256  5666.4185   4.0 1 1 
	        652.00 5665.62711  5665.6283   4.0 1 1 
	        662.24 5665.17941  5665.1799   4.0 1 1 
	        675.01 5664.61961   5664.621   4.0 1 1 
	        710.92 5663.04055   5663.042   4.0 1 1 
	        826.02 5657.92584  5657.9255   4.0 1 1 
	        880.14 5655.49323  5655.4897   4.0 1 1 
	        912.68 5654.02163  5654.0234   4.0 1 1 
	        985.51 5650.70517  5650.7043   4.0 1 1 
	       1022.96 5648.98713   5648.991   4.0 1 1 
	       1077.92 5646.45025  5646.4514   4.0 1 1 
	       1221.30 5639.74525  5639.7461   4.0 1 1 
	       1356.86 5633.29105   5633.295   4.0 1 1 
	       1418.91 5630.29945  5630.2969   4.0 1 1 
	       1513.75 5625.68274  5625.6782   4.0 1 1 
	       1629.43 5619.97816  5619.9755   4.0 1 1 
	       1695.33 5616.69291  5616.6908   4.0 1 1 
	       1722.80 5615.31604  5615.3195   4.0 1 1 
	       1787.31 5612.06466  5612.0679   4.0 1 1 
	       1814.69 5610.67746  5610.6809   4.0 1 1 
	       1836.34  5609.5774  5609.5735   4.0 1 1 
	       1892.07 5606.73297   5606.733   4.0 1 1 
	       1898.85 5606.38562  5606.3861   4.0 1 1 
	       1935.30 5604.51439  5604.5154   4.0 1 1 
	       1967.35 5602.86251   5602.863   4.0 1 1 
	       1991.66 5601.60531  5601.6032   4.0 1 1 
	function chebyshev
	order 5
	sample *
	naverage 1
	niterate 2000
	low_reject 3.
	high_reject 3.
	grow 0.
	coefficients	9
		1.
		5.
		29.93889617919922
		1991.662841796875
		5648.086075419492
		-45.03011102707457
		-1.456432393682129
		0.002497517371942704
		0.003279897504120017

# Mon 13:57:19 06-Feb-2023
begin	identify iazcomp.0027 - Ap 27
	id	iazcomp.0027
	task	identify
	image	iazcomp.0027 - Ap 27
	aperture	27
	aplow	1348.66
	aphigh	1358.
	units	Angstroms
	features	33
	         29.00 5691.66257  5691.6612   4.0 1 1 
	        136.04 5687.34712  5687.3489   4.0 1 1 
	        188.85 5685.19284  5685.1921   4.0 1 1 
	        338.43  5679.0005   5679.005   4.0 1 1 
	        384.78 5677.05443  5677.0529   4.0 1 1 
	        460.76 5673.83646  5673.8358   4.0 1 1 
	        616.52 5667.12977  5667.1281   4.0 1 1 
	        632.75 5666.42286  5666.4185   4.0 1 1 
	        650.95 5665.62774  5665.6283   4.0 1 1 
	        661.18 5665.17965  5665.1799   4.0 1 1 
	        673.94 5664.62049   5664.621   4.0 1 1 
	        709.84 5663.04114   5663.042   4.0 1 1 
	        824.92 5657.92575  5657.9255   4.0 1 1 
	        879.00 5655.49361  5655.4897   4.0 1 1 
	        911.57 5654.02068  5654.0234   4.0 1 1 
	        984.35 5650.70505  5650.7043   4.0 1 1 
	       1021.79 5648.98669   5648.991   4.0 1 1 
	       1076.73 5646.44969  5646.4514   4.0 1 1 
	       1220.05 5639.74552  5639.7461   4.0 1 1 
	       1355.55 5633.29201   5633.295   4.0 1 1 
	       1417.60 5630.29965  5630.2969   4.0 1 1 
	       1512.41 5625.68288  5625.6782   4.0 1 1 
	       1628.06  5619.9787  5619.9755   4.0 1 1 
	       1693.96 5616.69257  5616.6908   4.0 1 1 
	       1721.43 5615.31561  5615.3195   4.0 1 1 
	       1785.92 5612.06452  5612.0679   4.0 1 1 
	       1813.31 5610.67677  5610.6809   4.0 1 1 
	       1834.95 5609.57685  5609.5735   4.0 1 1 
	       1890.65 5606.73376   5606.733   4.0 1 1 
	       1897.45 5606.38551  5606.3861   4.0 1 1 
	       1933.89 5604.51462  5604.5154   4.0 1 1 
	       1965.92 5602.86338   5602.863   4.0 1 1 
	       1990.27 5601.60463  5601.6032   4.0 1 1 
	function chebyshev
	order 5
	sample *
	naverage 1
	niterate 2000
	low_reject 3.
	high_reject 3.
	grow 0.
	coefficients	9
		1.
		5.
		29.00485992431641
		1990.26806640625
		5648.086191663317
		-45.03254835065205
		-1.45590889121305
		0.003578379224972908
		0.003317908946361611

