# Tue 22:44:50 07-Sep-2021
begin	identify iazcomp.0033 - Ap 33
	id	iazcomp.0033
	task	identify
	image	iazcomp.0033 - Ap 33
	aperture	33
	aplow	1427.35
	aphigh	1436.33
	units	Angstroms
	features	29
	         67.83 6289.48896  6289.4882   4.0 1 1 
	        117.93 6287.25565  6287.2554   4.0 1 1 
	        296.45 6279.16378   6279.166   4.0 1 1 
	        460.43 6271.54378  6271.5444   4.0 1 1 
	        672.56 6261.41924  6261.4181   4.0 1 1 
	        730.34 6258.60922  6258.6068   4.0 1 1 
	        754.58  6257.4234  6257.4237   4.0 1 1 
	        936.39 6248.40479  6248.4055   4.0 1 1 
	        980.64 6246.17598  6246.1736   4.0 1 1 
	       1003.03 6245.04324  6245.0409   4.0 1 1 
	       1040.95 6243.11699  6243.1201   4.0 1 1 
	       1083.36 6240.95119  6240.9536   4.0 1 1 
	       1107.51 6239.71221  6239.7121   4.0 1 1 
	       1201.48 6234.85498  6234.8554   4.0 1 1 
	       1237.57 6232.97375  6232.9745   4.0 1 1 
	       1362.96 6226.36977  6226.3697   4.0 1 1 
	       1397.59 6224.52725  6224.5272   4.0 1 1 
	       1457.48 6221.32143  6221.3192   4.0 1 1 
	       1481.85 6220.01062  6220.0112   4.0 1 1 
	       1557.11 6215.93625  6215.9383   4.0 1 1 
	       1706.22 6207.75259  6207.7504   4.0 1 1 
	       1715.86 6207.21831  6207.2201   4.0 1 1 
	       1740.33 6205.86016  6205.8599   4.0 1 1 
	       1782.82 6203.49149  6203.4925   4.0 1 1 
	       1825.49 6201.10131  6201.1002   4.0 1 1 
	       1837.33 6200.43586  6200.4325   4.0 1 1 
	       1876.61 6198.22179  6198.2227   4.0 1 1 
	       1953.57 6193.85408  6193.8563   4.0 1 1 
	       1987.69 6191.90573  6191.9053   4.0 1 1 
	function chebyshev
	order 5
	sample *
	naverage 1
	niterate 2000
	low_reject 3.
	high_reject 3.
	grow 0.
	coefficients	9
		1.
		5.
		67.82559204101562
		1987.688232421875
		6242.240783332837
		-48.79337548265706
		-1.545392096960531
		0.001758870367440926
		0.001952148507467251

# Fri 11:01:40 11-Mar-2022
begin	identify iazcomp.0033 - Ap 33
	id	iazcomp.0033
	task	identify
	image	iazcomp.0033 - Ap 33
	aperture	33
	aplow	1427.35
	aphigh	1436.33
	units	Angstroms
	features	34
	         13.51 6291.18984  6291.1915   4.0 1 1 
	         51.90 6289.48961  6289.4882   4.0 1 1 
	        101.97  6287.2572  6287.2554   4.0 1 1 
	        280.55 6279.16272   6279.166   4.0 1 1 
	        322.31  6277.2395  6277.2385   4.0 1 1 
	        444.55 6271.54395  6271.5444   4.0 1 1 
	        588.40 6264.71403  6264.7139   4.0 1 1 
	        656.79  6261.4186  6261.4181   4.0 1 1 
	        714.59 6258.60865  6258.6068   4.0 1 1 
	        738.84  6257.4232  6257.4237   4.0 1 1 
	        920.77 6248.40346  6248.4055   4.0 1 1 
	        965.01 6246.17642  6246.1736   4.0 1 1 
	        987.42 6245.04319  6245.0409   4.0 1 1 
	       1025.32 6243.11892  6243.1201   4.0 1 1 
	       1067.77 6240.95235  6240.9536   4.0 1 1 
	       1091.98 6239.71127  6239.7121   4.0 1 1 
	       1185.98 6234.85523  6234.8554   4.0 1 1 
	       1222.13 6232.97199  6232.9745   4.0 1 1 
	       1347.54 6226.37049  6226.3697   4.0 1 1 
	       1382.20 6224.52708  6224.5272   4.0 1 1 
	       1442.13  6221.3212  6221.3192   4.0 1 1 
	       1466.50 6220.01112  6220.0112   4.0 1 1 
	       1541.79 6215.93716  6215.9383   4.0 1 1 
	       1674.11 6208.68661  6208.6869   4.0 1 1 
	       1690.99 6207.75342  6207.7504   4.0 1 1 
	       1700.65 6207.21854  6207.2201   4.0 1 1 
	       1725.13 6205.85998  6205.8599   4.0 1 1 
	       1767.65 6203.49126  6203.4925   4.0 1 1 
	       1810.33 6201.10151  6201.1002   4.0 1 1 
	       1822.21 6200.43437  6200.4325   4.0 1 1 
	       1861.49 6198.22142  6198.2227   4.0 1 1 
	       1938.51 6193.85348  6193.8563   4.0 1 1 
	       1972.64 6191.90556  6191.9053   4.0 1 1 
	       2020.76 6189.14616  6189.1449   4.0 1 1 
	function chebyshev
	order 5
	sample *
	naverage 1
	niterate 2000
	low_reject 3.
	high_reject 3.
	grow 0.
	coefficients	9
		1.
		5.
		13.51005744934082
		2020.763549804688
		6241.848668510628
		-51.02253825070218
		-1.683699669573538
		6.991059973786886E-4
		0.00303292658705787

# Tue 15:32:24 29-Mar-2022
begin	identify iazcomp.0033 - Ap 33
	id	iazcomp.0033
	task	identify
	image	iazcomp.0033 - Ap 33
	aperture	33
	aplow	1427.35
	aphigh	1436.33
	units	Angstroms
	features	34
	         14.17 6291.19014  6291.1915   4.0 1 1 
	         52.56 6289.48957  6289.4882   4.0 1 1 
	        102.65 6287.25653  6287.2554   4.0 1 1 
	        281.21 6279.16267   6279.166   4.0 1 1 
	        322.95 6277.24068  6277.2385   4.0 1 1 
	        445.22 6271.54315  6271.5444   4.0 1 1 
	        589.01 6264.71552  6264.7139   4.0 1 1 
	        657.44 6261.41795  6261.4181   4.0 1 1 
	        715.26 6258.60699  6258.6068   4.0 1 1 
	        739.48 6257.42288  6257.4237   4.0 1 1 
	        921.35 6248.40517  6248.4055   4.0 1 1 
	        965.62 6246.17594  6246.1736   4.0 1 1 
	        988.03 6245.04308  6245.0409   4.0 1 1 
	       1025.94  6243.1183  6243.1201   4.0 1 1 
	       1068.38 6240.95197  6240.9536   4.0 1 1 
	       1092.54 6239.71305  6239.7121   4.0 1 1 
	       1186.56 6234.85528  6234.8554   4.0 1 1 
	       1222.71 6232.97213  6232.9745   4.0 1 1 
	       1348.12 6226.36956  6226.3697   4.0 1 1 
	       1382.77 6224.52715  6224.5272   4.0 1 1 
	       1442.69  6221.3215  6221.3192   4.0 1 1 
	       1467.06 6220.01067  6220.0112   4.0 1 1 
	       1542.35 6215.93679  6215.9383   4.0 1 1 
	       1674.65 6208.68684  6208.6869   4.0 1 1 
	       1691.53  6207.7539  6207.7504   4.0 1 1 
	       1701.21 6207.21772  6207.2201   4.0 1 1 
	       1725.66  6205.8607  6205.8599   4.0 1 1 
	       1768.21 6203.49065  6203.4925   4.0 1 1 
	       1810.87 6201.10189  6201.1002   4.0 1 1 
	       1822.74 6200.43516  6200.4325   4.0 1 1 
	       1862.05 6198.22103  6198.2227   4.0 1 1 
	       1939.06 6193.85328  6193.8563   4.0 1 1 
	       1973.19 6191.90541  6191.9053   4.0 1 1 
	       2021.32 6189.14625  6189.1449   4.0 1 1 
	function chebyshev
	order 5
	sample *
	naverage 1
	niterate 2000
	low_reject 3.
	high_reject 3.
	grow 0.
	coefficients	9
		1.
		5.
		14.1686544418335
		2021.31787109375
		6241.848538963837
		-51.02334597261966
		-1.683442928987115
		0.00139938963493607
		0.003097020112582883

# Mon 11:40:00 30-Jan-2023
begin	identify iazcomp.0033 - Ap 33
	id	iazcomp.0033
	task	identify
	image	iazcomp.0033 - Ap 33
	aperture	33
	aplow	1427.35
	aphigh	1436.33
	units	Angstroms
	features	38
	         18.46 6291.18872  6291.1915   4.0 1 1 
	         56.82  6289.4896  6289.4882   4.0 1 1 
	        106.94 6287.25552  6287.2554   4.0 1 1 
	        150.90 6285.28236   6285.278   4.0 1 1 
	        285.54 6279.16087   6279.166   4.0 1 1 
	        327.29 6277.23846  6277.2385   4.0 1 1 
	        350.47 6276.16612  6276.1646   4.0 1 1 
	        394.52 6274.11846  6274.1166   4.0 1 1 
	        449.54 6271.54316  6271.5444   4.0 1 1 
	        593.41 6264.71328  6264.7139   4.0 1 1 
	        661.81 6261.41776  6261.4181   4.0 1 1 
	        719.62 6258.60811  6258.6068   4.0 1 1 
	        743.86 6257.42324  6257.4237   4.0 1 1 
	        925.79 6248.40483  6248.4055   4.0 1 1 
	        970.06 6246.17667  6246.1736   4.0 1 1 
	        981.22 6245.61329  6245.6182   4.0 1 1 
	        992.46 6245.04462  6245.0409   4.0 1 1 
	       1030.40 6243.11878  6243.1201   4.0 1 1 
	       1072.84 6240.95302  6240.9536   4.0 1 1 
	       1097.03 6239.71289  6239.7121   4.0 1 1 
	       1191.07  6234.8555  6234.8554   4.0 1 1 
	       1227.22 6232.97279  6232.9745   4.0 1 1 
	       1352.66 6226.37043  6226.3697   4.0 1 1 
	       1387.32 6224.52751  6224.5272   4.0 1 1 
	       1447.26 6221.32179  6221.3192   4.0 1 1 
	       1471.63 6220.01145  6220.0112   4.0 1 1 
	       1546.95 6215.93679  6215.9383   4.0 1 1 
	       1679.28 6208.68613  6208.6869   4.0 1 1 
	       1696.18 6207.75152  6207.7504   4.0 1 1 
	       1705.81 6207.21862  6207.2201   4.0 1 1 
	       1730.29 6205.85986  6205.8599   4.0 1 1 
	       1772.81  6203.4912  6203.4925   4.0 1 1 
	       1815.51 6201.10088  6201.1002   4.0 1 1 
	       1827.36 6200.43497  6200.4325   4.0 1 1 
	       1866.65 6198.22181  6198.2227   4.0 1 1 
	       1943.65 6193.85475  6193.8563   4.0 1 1 
	       1977.81 6191.90513  6191.9053   4.0 1 1 
	       2025.93 6189.14604  6189.1449   4.0 1 1 
	function chebyshev
	order 5
	sample *
	naverage 1
	niterate 2000
	low_reject 3.
	high_reject 3.
	grow 0.
	coefficients	9
		1.
		5.
		18.46191787719727
		2025.92822265625
		6241.84869907718
		-51.02126406062714
		-1.684251996169082
		-7.525043726171948E-5
		0.002933330253210083

# Mon 13:57:28 06-Feb-2023
begin	identify iazcomp.0033 - Ap 33
	id	iazcomp.0033
	task	identify
	image	iazcomp.0033 - Ap 33
	aperture	33
	aplow	1427.35
	aphigh	1436.33
	units	Angstroms
	features	38
	         17.53 6291.18918  6291.1915   4.0 1 1 
	         55.93 6289.48833  6289.4882   4.0 1 1 
	        106.00 6287.25566  6287.2554   4.0 1 1 
	        149.97 6285.28199   6285.278   4.0 1 1 
	        284.55 6279.16202   6279.166   4.0 1 1 
	        326.28 6277.24016  6277.2385   4.0 1 1 
	        349.47 6276.16683  6276.1646   4.0 1 1 
	        393.54 6274.11805  6274.1166   4.0 1 1 
	        448.58 6271.54133  6271.5444   4.0 1 1 
	        592.38 6264.71327  6264.7139   4.0 1 1 
	        660.76 6261.41784  6261.4181   4.0 1 1 
	        718.56 6258.60774  6258.6068   4.0 1 1 
	        742.79 6257.42324  6257.4237   4.0 1 1 
	        924.66 6248.40528  6248.4055   4.0 1 1 
	        968.93 6246.17666  6246.1736   4.0 1 1 
	        980.08 6245.61297  6245.6182   4.0 1 1 
	        991.32 6245.04395  6245.0409   4.0 1 1 
	       1029.27 6243.11712  6243.1201   4.0 1 1 
	       1071.69 6240.95216  6240.9536   4.0 1 1 
	       1095.84  6239.7138  6239.7121   4.0 1 1 
	       1189.86 6234.85569  6234.8554   4.0 1 1 
	       1225.96 6232.97482  6232.9745   4.0 1 1 
	       1351.39 6226.37081  6226.3697   4.0 1 1 
	       1386.05 6224.52766  6224.5272   4.0 1 1 
	       1445.96 6221.32234  6221.3192   4.0 1 1 
	       1470.33 6220.01161  6220.0112   4.0 1 1 
	       1545.63 6215.93678  6215.9383   4.0 1 1 
	       1677.93 6208.68612  6208.6869   4.0 1 1 
	       1694.84 6207.75104  6207.7504   4.0 1 1 
	       1704.45 6207.21876  6207.2201   4.0 1 1 
	       1728.94 6205.85936  6205.8599   4.0 1 1 
	       1771.45 6203.49111  6203.4925   4.0 1 1 
	       1814.16 6201.09954  6201.1002   4.0 1 1 
	       1825.98 6200.43538  6200.4325   4.0 1 1 
	       1865.28  6198.2212  6198.2227   4.0 1 1 
	       1942.27 6193.85484  6193.8563   4.0 1 1 
	       1976.41 6191.90614  6191.9053   4.0 1 1 
	       2024.55 6189.14612  6189.1449   4.0 1 1 
	function chebyshev
	order 5
	sample *
	naverage 1
	niterate 2000
	low_reject 3.
	high_reject 3.
	grow 0.
	coefficients	9
		1.
		5.
		17.53229522705078
		2024.549072265625
		6241.848367312262
		-51.02260769478779
		-1.684147445991927
		0.001077526005529403
		0.003427825747752915

