# Tue 22:44:38 07-Sep-2021
begin	identify iazcomp.0032 - Ap 32
	id	iazcomp.0032
	task	identify
	image	iazcomp.0032 - Ap 32
	aperture	32
	aplow	1415.01
	aphigh	1423.91
	units	Angstroms
	features	33
	         32.10 6182.61983  6182.6217   4.0 1 1 
	         76.08 6180.70412   6180.705   4.0 1 1 
	        127.84 6178.43371  6178.4315   4.0 1 1 
	        266.18 6172.27974  6172.2778   4.0 1 1 
	        320.62 6169.82398  6169.8221   4.0 1 1 
	        437.61 6164.48102  6164.4796   4.0 1 1 
	        505.25 6161.35066  6161.3534   4.0 1 1 
	        596.47 6157.08152  6157.0878   4.0 1 1 
	        660.16 6154.06862  6154.0682   4.0 1 1 
	        703.72 6151.99231  6151.9929   4.0 1 1 
	        730.96 6150.68738   6150.683   4.0 1 1 
	        839.52 6145.43858   6145.441   4.0 1 1 
	        977.59 6138.65071  6138.6465   4.0 1 1 
	        992.19  6137.9256   6137.926   4.0 1 1 
	       1233.46 6125.73677  6125.7396   4.0 1 1 
	       1257.90 6124.48104  6124.4805   4.0 1 1 
	       1270.45 6123.83436  6123.8331   4.0 1 1 
	       1279.68 6123.35839  6123.3619   4.0 1 1 
	       1333.78 6120.55588  6120.5564   4.0 1 1 
	       1417.76 6116.16769  6116.1661   4.0 1 1 
	       1441.38 6114.92491  6114.9234   4.0 1 1 
	       1468.98 6113.46844  6113.4657   4.0 1 1 
	       1480.90 6112.83782  6112.8375   4.0 1 1 
	       1580.45 6107.53516  6107.5337   4.0 1 1 
	       1615.78 6105.63768  6105.6351   4.0 1 1 
	       1688.15 6101.72536  6101.7251   4.0 1 1 
	       1720.20 6099.98154  6099.9886   4.0 1 1 
	       1736.67 6099.08294  6099.0831   4.0 1 1 
	       1754.28 6098.12047  6098.1205   4.0 1 1 
	       1771.25 6097.19114  6097.1945   4.0 1 1 
	       1936.64  6088.0344  6088.0305   4.0 1 1 
	       1950.37 6087.26626  6087.2622   4.0 1 1 
	       1984.16 6085.37076  6085.3748   4.0 1 1 
	function chebyshev
	order 5
	sample *
	naverage 1
	niterate 2000
	low_reject 3.
	high_reject 3.
	grow 0.
	coefficients	9
		1.
		5.
		32.10428237915039
		1984.163452148437
		6135.561285252549
		-48.62596390163574
		-1.568258642285852
		0.001429221594955302
		0.002268988707733704

# Fri 11:01:23 11-Mar-2022
begin	identify iazcomp.0032 - Ap 32
	id	iazcomp.0032
	task	identify
	image	iazcomp.0032 - Ap 32
	aperture	32
	aplow	1415.01
	aphigh	1423.91
	units	Angstroms
	features	33
	         16.14   6182.621  6182.6217   4.0 1 1 
	         60.16 6180.70282   6180.705   4.0 1 1 
	        111.90 6178.43322  6178.4315   4.0 1 1 
	        231.99 6173.09892  6173.0964   4.0 1 1 
	        250.26 6172.27945  6172.2778   4.0 1 1 
	        304.75 6169.82247  6169.8221   4.0 1 1 
	        421.77 6164.48016  6164.4796   4.0 1 1 
	        454.53 6162.96867  6162.9699   4.0 1 1 
	        489.48 6161.34858  6161.3534   4.0 1 1 
	        619.75 6155.23859  6155.2385   4.0 1 1 
	        644.41 6154.06932  6154.0682   4.0 1 1 
	        687.99 6151.99319  6151.9929   4.0 1 1 
	        823.85 6145.44076   6145.441   4.0 1 1 
	        976.62 6137.92686   6137.926   4.0 1 1 
	       1218.02 6125.73757  6125.7396   4.0 1 1 
	       1242.47 6124.48141  6124.4805   4.0 1 1 
	       1255.02 6123.83505  6123.8331   4.0 1 1 
	       1264.24 6123.35947  6123.3619   4.0 1 1 
	       1318.39  6120.5558  6120.5564   4.0 1 1 
	       1402.42 6116.16668  6116.1661   4.0 1 1 
	       1426.06 6114.92397  6114.9234   4.0 1 1 
	       1433.29 6114.54309  6114.5392   4.0 1 1 
	       1453.68 6113.46682  6113.4657   4.0 1 1 
	       1465.59 6112.83703  6112.8375   4.0 1 1 
	       1565.20 6107.53322  6107.5337   4.0 1 1 
	       1600.55 6105.63523  6105.6351   4.0 1 1 
	       1672.97 6101.72271  6101.7251   4.0 1 1 
	       1721.53 6099.08004  6099.0831   4.0 1 1 
	       1726.56 6098.80514  6098.8031   4.0 1 1 
	       1739.14 6098.11795  6098.1205   4.0 1 1 
	       1921.59 6088.03374  6088.0305   4.0 1 1 
	       1935.33 6087.26596  6087.2622   4.0 1 1 
	       1969.16  6085.3706  6085.3748   4.0 1 1 
	function chebyshev
	order 5
	sample *
	naverage 1
	niterate 2000
	low_reject 3.
	high_reject 3.
	grow 0.
	coefficients	9
		1.
		5.
		16.13614082336426
		1969.1572265625
		6135.558796682556
		-48.62643542940452
		-1.566779170649988
		0.001234146955654047
		0.00378160218759081

# Tue 15:32:23 29-Mar-2022
begin	identify iazcomp.0032 - Ap 32
	id	iazcomp.0032
	task	identify
	image	iazcomp.0032 - Ap 32
	aperture	32
	aplow	1415.01
	aphigh	1423.91
	units	Angstroms
	features	33
	         16.82 6182.62066  6182.6217   4.0 1 1 
	         60.82  6180.7037   6180.705   4.0 1 1 
	        112.59 6178.43259  6178.4315   4.0 1 1 
	        232.66 6173.09927  6173.0964   4.0 1 1 
	        250.94 6172.27924  6172.2778   4.0 1 1 
	        305.42 6169.82248  6169.8221   4.0 1 1 
	        422.44 6164.48028  6164.4796   4.0 1 1 
	        455.23 6162.96731  6162.9699   4.0 1 1 
	        490.12 6161.34942  6161.3534   4.0 1 1 
	        620.39 6155.23886  6155.2385   4.0 1 1 
	        645.05 6154.06973  6154.0682   4.0 1 1 
	        688.63 6151.99324  6151.9929   4.0 1 1 
	        824.48 6145.44063   6145.441   4.0 1 1 
	        977.22  6137.9267   6137.926   4.0 1 1 
	       1218.61 6125.73694  6125.7396   4.0 1 1 
	       1243.05 6124.48108  6124.4805   4.0 1 1 
	       1255.59  6123.8352  6123.8331   4.0 1 1 
	       1264.82 6123.35946  6123.3619   4.0 1 1 
	       1318.96 6120.55556  6120.5564   4.0 1 1 
	       1402.98   6116.167  6116.1661   4.0 1 1 
	       1426.61 6114.92444  6114.9234   4.0 1 1 
	       1433.84 6114.54337  6114.5392   4.0 1 1 
	       1454.22 6113.46734  6113.4657   4.0 1 1 
	       1466.15  6112.8366  6112.8375   4.0 1 1 
	       1565.74 6107.53366  6107.5337   4.0 1 1 
	       1601.11  6105.6348  6105.6351   4.0 1 1 
	       1673.49 6101.72351  6101.7251   4.0 1 1 
	       1722.08 6099.07886  6099.0831   4.0 1 1 
	       1727.11 6098.80468  6098.8031   4.0 1 1 
	       1739.66 6098.11884  6098.1205   4.0 1 1 
	       1922.15 6088.03243  6088.0305   4.0 1 1 
	       1935.86 6087.26598  6087.2622   4.0 1 1 
	       1969.66 6085.37166  6085.3748   4.0 1 1 
	function chebyshev
	order 5
	sample *
	naverage 1
	niterate 2000
	low_reject 3.
	high_reject 3.
	grow 0.
	coefficients	9
		1.
		5.
		16.81671142578125
		1969.664428710937
		6135.559327826437
		-48.62627761707787
		-1.566842975845502
		0.001782179686882644
		0.00367527713748336

# Mon 11:39:41 30-Jan-2023
begin	identify iazcomp.0032 - Ap 32
	id	iazcomp.0032
	task	identify
	image	iazcomp.0032 - Ap 32
	aperture	32
	aplow	1415.01
	aphigh	1423.91
	units	Angstroms
	features	39
	         21.10 6182.61991  6182.6217   4.0 1 1 
	         65.11 6180.70319   6180.705   4.0 1 1 
	        116.88 6178.43301  6178.4315   4.0 1 1 
	        236.96 6173.10036  6173.0964   4.0 1 1 
	        255.27 6172.27937  6172.2778   4.0 1 1 
	        309.73 6169.82351  6169.8221   4.0 1 1 
	        426.77 6164.48109  6164.4796   4.0 1 1 
	        459.56 6162.96833  6162.9699   4.0 1 1 
	        494.45 6161.35086  6161.3534   4.0 1 1 
	        585.70 6157.08306  6157.0878   4.0 1 1 
	        617.68 6155.57407   6155.581   4.0 1 1 
	        624.73 6155.24066  6155.2385   4.0 1 1 
	        649.42 6154.07009  6154.0682   4.0 1 1 
	        693.02 6151.99329  6151.9929   4.0 1 1 
	        720.30 6150.68738   6150.683   4.0 1 1 
	        828.89 6145.44058   6145.441   4.0 1 1 
	        981.68 6137.92639   6137.926   4.0 1 1 
	       1223.11 6125.73761  6125.7396   4.0 1 1 
	       1247.57 6124.48121  6124.4805   4.0 1 1 
	       1260.11 6123.83522  6123.8331   4.0 1 1 
	       1269.34 6123.35981  6123.3619   4.0 1 1 
	       1323.50 6120.55587  6120.5564   4.0 1 1 
	       1407.55 6116.16669  6116.1661   4.0 1 1 
	       1431.18 6114.92415  6114.9234   4.0 1 1 
	       1438.43 6114.54247  6114.5392   4.0 1 1 
	       1458.78 6113.46855  6113.4657   4.0 1 1 
	       1470.73 6112.83714  6112.8375   4.0 1 1 
	       1570.34 6107.53383  6107.5337   4.0 1 1 
	       1605.70 6105.63629  6105.6351   4.0 1 1 
	       1678.11 6101.72404  6101.7251   4.0 1 1 
	       1710.13 6099.98329  6099.9886   4.0 1 1 
	       1726.68 6099.08092  6099.0831   4.0 1 1 
	       1731.71 6098.80652  6098.8031   4.0 1 1 
	       1744.28 6098.11933  6098.1205   4.0 1 1 
	       1761.27 6097.18924  6097.1945   4.0 1 1 
	       1883.37 6090.45093  6090.4482   4.0 1 1 
	       1926.75 6088.03369  6088.0305   4.0 1 1 
	       1940.48 6087.26643  6087.2622   4.0 1 1 
	       1974.31  6085.3702  6085.3748   4.0 1 1 
	function chebyshev
	order 5
	sample *
	naverage 1
	niterate 2000
	low_reject 3.
	high_reject 3.
	grow 0.
	coefficients	9
		1.
		5.
		21.09686660766602
		1974.308837890625
		6135.559437363549
		-48.62573113137172
		-1.567067922062299
		8.795855396722855E-4
		0.002684810809440216

# Mon 13:57:26 06-Feb-2023
begin	identify iazcomp.0032 - Ap 32
	id	iazcomp.0032
	task	identify
	image	iazcomp.0032 - Ap 32
	aperture	32
	aplow	1415.01
	aphigh	1423.91
	units	Angstroms
	features	39
	         20.20 6182.62025  6182.6217   4.0 1 1 
	         64.21 6180.70296   6180.705   4.0 1 1 
	        115.97 6178.43247  6178.4315   4.0 1 1 
	        235.99 6173.10108  6173.0964   4.0 1 1 
	        254.30 6172.27955  6172.2778   4.0 1 1 
	        308.76 6169.82338  6169.8221   4.0 1 1 
	        425.77 6164.48115  6164.4796   4.0 1 1 
	        458.57 6162.96762  6162.9699   4.0 1 1 
	        493.44 6161.35049  6161.3534   4.0 1 1 
	        584.67 6157.08286  6157.0878   4.0 1 1 
	        616.61 6155.57528   6155.581   4.0 1 1 
	        623.68 6155.24086  6155.2385   4.0 1 1 
	        648.38 6154.06957  6154.0682   4.0 1 1 
	        691.96 6151.99331  6151.9929   4.0 1 1 
	        719.24 6150.68727   6150.683   4.0 1 1 
	        827.80 6145.44027   6145.441   4.0 1 1 
	        980.51 6137.92742   6137.926   4.0 1 1 
	       1221.90  6125.7372  6125.7396   4.0 1 1 
	       1246.33 6124.48178  6124.4805   4.0 1 1 
	       1258.89 6123.83507  6123.8331   4.0 1 1 
	       1268.13 6123.35839  6123.3619   4.0 1 1 
	       1322.24 6120.55647  6120.5564   4.0 1 1 
	       1406.26 6116.16724  6116.1661   4.0 1 1 
	       1429.89 6114.92441  6114.9234   4.0 1 1 
	       1437.15 6114.54185  6114.5392   4.0 1 1 
	       1457.48 6113.46866  6113.4657   4.0 1 1 
	       1469.42  6112.8373  6112.8375   4.0 1 1 
	       1569.02 6107.53319  6107.5337   4.0 1 1 
	       1604.36 6105.63585  6105.6351   4.0 1 1 
	       1676.75  6101.7238  6101.7251   4.0 1 1 
	       1708.78 6099.98259  6099.9886   4.0 1 1 
	       1725.33 6099.08009  6099.0831   4.0 1 1 
	       1730.34 6098.80655  6098.8031   4.0 1 1 
	       1742.92  6098.1189  6098.1205   4.0 1 1 
	       1759.82 6097.19339  6097.1945   4.0 1 1 
	       1881.98 6090.45068  6090.4482   4.0 1 1 
	       1925.37 6088.03299  6088.0305   4.0 1 1 
	       1939.10 6087.26511  6087.2622   4.0 1 1 
	       1972.89 6085.37129  6085.3748   4.0 1 1 
	function chebyshev
	order 5
	sample *
	naverage 1
	niterate 2000
	low_reject 3.
	high_reject 3.
	grow 0.
	coefficients	9
		1.
		5.
		20.20397758483887
		1972.89306640625
		6135.559374126744
		-48.62594248231922
		-1.566918275540637
		0.001462245605536142
		0.003315008630962217

