# Tue 22:46:16 07-Sep-2021
begin	identify iazcomp.0038 - Ap 38
	id	iazcomp.0038
	task	identify
	image	iazcomp.0038 - Ap 38
	aperture	38
	aplow	1486.94
	aphigh	1494.9
	units	Angstroms
	features	25
	        107.06 6892.25045  6892.2502   4.0 1 1 
	        166.98 6889.30183  6889.3032   4.0 1 1 
	        189.75 6888.17483  6888.1742   4.0 1 1 
	        211.62 6887.08854  6887.0881   4.0 1 1 
	        455.25 6874.75347   6874.753   4.0 1 1 
	        522.18 6871.28921  6871.2891   4.0 1 1 
	        576.51 6868.45262  6868.4508   4.0 1 1 
	        608.70 6866.76183  6866.7634   4.0 1 1 
	        669.77 6863.53358   6863.535   4.0 1 1 
	        712.32 6861.26781  6861.2688   4.0 1 1 
	        816.00 6855.69145  6855.6891   4.0 1 1 
	        845.16  6854.1087  6854.1093   4.0 1 1 
	       1189.90  6834.9245  6834.9246   4.0 1 1 
	       1225.53 6832.89133  6832.8927   4.0 1 1 
	       1292.68 6829.03518  6829.0355   4.0 1 1 
	       1323.54 6827.25137  6827.2488   4.0 1 1 
	       1367.88 6824.67713  6824.6774   4.0 1 1 
	       1569.67 6812.77666  6812.7752   4.0 1 1 
	       1606.85 6810.55156  6810.5494   4.0 1 1 
	       1627.47 6809.31298  6809.3173   4.0 1 1 
	       1640.49 6808.52949  6808.5311   4.0 1 1 
	       1805.54 6798.48916  6798.4868   4.0 1 1 
	       1922.81 6791.23469  6791.2351   4.0 1 1 
	       1961.17  6788.8397  6788.8403   4.0 1 1 
	       1978.79 6787.73673  6787.7364   4.0 1 1 
	function chebyshev
	order 5
	sample *
	naverage 1
	niterate 2000
	low_reject 3.
	high_reject 3.
	grow 0.
	coefficients	9
		1.
		5.
		107.0603179931641
		1978.786254882812
		6841.600633167603
		-52.25658167360783
		-1.60849811725625
		-2.762080922507810E-4
		0.001456413137589641

# Fri 11:04:09 11-Mar-2022
begin	identify iazcomp.0038 - Ap 38
	id	iazcomp.0038
	task	identify
	image	iazcomp.0038 - Ap 38
	aperture	38
	aplow	1486.94
	aphigh	1494.9
	units	Angstroms
	features	30
	         90.98 6892.24957  6892.2502   4.0 1 1 
	        150.85 6889.30356  6889.3032   4.0 1 1 
	        173.65 6888.17478  6888.1742   4.0 1 1 
	        195.53 6887.08825  6887.0881   4.0 1 1 
	        344.83 6879.58188  6879.5824   4.0 1 1 
	        439.24 6874.75276   6874.753   4.0 1 1 
	        506.20 6871.28828  6871.2891   4.0 1 1 
	        560.53 6868.45359  6868.4508   4.0 1 1 
	        592.75 6866.76196  6866.7634   4.0 1 1 
	        653.83 6863.53468   6863.535   4.0 1 1 
	        696.42 6861.26833  6861.2688   4.0 1 1 
	        800.17 6855.69169  6855.6891   4.0 1 1 
	        807.13 6855.31437   6855.315   4.0 1 1 
	        829.36 6854.10827  6854.1093   4.0 1 1 
	       1097.09  6839.2929  6839.2949   4.0 1 1 
	       1174.23 6834.92571  6834.9246   4.0 1 1 
	       1209.89 6832.89229  6832.8927   4.0 1 1 
	       1277.08 6829.03568  6829.0355   4.0 1 1 
	       1307.97 6827.25117  6827.2488   4.0 1 1 
	       1352.30   6824.678  6824.6774   4.0 1 1 
	       1372.40 6823.50651  6823.5084   4.0 1 1 
	       1506.59 6815.61009  6815.6123   4.0 1 1 
	       1554.22 6812.77586  6812.7752   4.0 1 1 
	       1558.96 6812.49251  6812.4915   4.0 1 1 
	       1591.40 6810.55181  6810.5494   4.0 1 1 
	       1625.07 6808.52894  6808.5311   4.0 1 1 
	       1790.23 6798.48706  6798.4868   4.0 1 1 
	       1907.56 6791.23414  6791.2351   4.0 1 1 
	       1945.95    6788.84  6788.8403   4.0 1 1 
	       1963.57 6787.73737  6787.7364   4.0 1 1 
	function chebyshev
	order 5
	sample *
	naverage 1
	niterate 2000
	low_reject 3.
	high_reject 3.
	grow 0.
	coefficients	9
		1.
		5.
		90.9796142578125
		1963.57080078125
		6841.597610868969
		-52.25559318458008
		-1.606821325032233
		-5.071232337702920E-4
		0.002681167265992381

# Tue 15:32:32 29-Mar-2022
begin	identify iazcomp.0038 - Ap 38
	id	iazcomp.0038
	task	identify
	image	iazcomp.0038 - Ap 38
	aperture	38
	aplow	1486.94
	aphigh	1494.9
	units	Angstroms
	features	29
	         91.53 6892.25351  6892.2502   4.0 1 1 
	        151.55 6889.30026  6889.3032   4.0 1 1 
	        174.32 6888.17327  6888.1742   4.0 1 1 
	        196.20 6887.08721  6887.0881   4.0 1 1 
	        345.48 6879.58275  6879.5824   4.0 1 1 
	        439.90 6874.75326   6874.753   4.0 1 1 
	        506.85 6871.28938  6871.2891   4.0 1 1 
	        561.21  6868.4528  6868.4508   4.0 1 1 
	        593.42 6866.76193  6866.7634   4.0 1 1 
	        654.49 6863.53492   6863.535   4.0 1 1 
	        697.06 6861.26945  6861.2688   4.0 1 1 
	        800.85 6855.68988  6855.6891   4.0 1 1 
	        807.77 6855.31479   6855.315   4.0 1 1 
	        829.98 6854.10967  6854.1093   4.0 1 1 
	       1097.72  6839.2916  6839.2949   4.0 1 1 
	       1174.83 6834.92574  6834.9246   4.0 1 1 
	       1210.50  6832.8913  6832.8927   4.0 1 1 
	       1277.66 6829.03597  6829.0355   4.0 1 1 
	       1308.54 6827.25201  6827.2488   4.0 1 1 
	       1352.89 6824.67721  6824.6774   4.0 1 1 
	       1372.99 6823.50592  6823.5084   4.0 1 1 
	       1554.78 6812.77575  6812.7752   4.0 1 1 
	       1559.51  6812.4933  6812.4915   4.0 1 1 
	       1591.98 6810.55037  6810.5494   4.0 1 1 
	       1625.62 6808.52868  6808.5311   4.0 1 1 
	       1790.77 6798.48776  6798.4868   4.0 1 1 
	       1908.12 6791.23331  6791.2351   4.0 1 1 
	       1946.48 6788.84124  6788.8403   4.0 1 1 
	       1964.13 6787.73647  6787.7364   4.0 1 1 
	function chebyshev
	order 5
	sample *
	naverage 1
	niterate 2000
	low_reject 3.
	high_reject 3.
	grow 0.
	coefficients	9
		1.
		5.
		91.52743530273437
		1964.131713867187
		6841.600211106466
		-52.25911996270363
		-1.607853859653605
		6.008602048245538E-4
		0.002631177259996692

# Mon 11:41:42 30-Jan-2023
begin	identify iazcomp.0038 - Ap 38
	id	iazcomp.0038
	task	identify
	image	iazcomp.0038 - Ap 38
	aperture	38
	aplow	1486.94
	aphigh	1494.9
	units	Angstroms
	features	30
	         95.91 6892.25139  6892.2502   4.0 1 1 
	        155.85 6889.30207  6889.3032   4.0 1 1 
	        178.65 6888.17389  6888.1742   4.0 1 1 
	        200.52  6887.0879  6887.0881   4.0 1 1 
	        349.81 6879.58266  6879.5824   4.0 1 1 
	        444.25 6874.75236   6874.753   4.0 1 1 
	        511.19 6871.28911  6871.2891   4.0 1 1 
	        565.55  6868.4531  6868.4508   4.0 1 1 
	        597.75 6866.76238  6866.7634   4.0 1 1 
	        658.85 6863.53421   6863.535   4.0 1 1 
	        701.43 6861.26853  6861.2688   4.0 1 1 
	        805.21 6855.69053  6855.6891   4.0 1 1 
	        805.20 6855.69076  6855.6891   4.0 1 1 
	        812.18 6855.31326   6855.315   4.0 1 1 
	        834.36  6854.1094  6854.1093   4.0 1 1 
	       1102.12 6839.29374  6839.2949   4.0 1 1 
	       1179.29 6834.92585  6834.9246   4.0 1 1 
	       1215.00 6832.89005  6832.8927   4.0 1 1 
	       1282.15 6829.03552  6829.0355   4.0 1 1 
	       1313.05 6827.25095  6827.2488   4.0 1 1 
	       1357.40 6824.67744  6824.6774   4.0 1 1 
	       1377.48 6823.50711  6823.5084   4.0 1 1 
	       1559.34 6812.77527  6812.7752   4.0 1 1 
	       1564.08 6812.49265  6812.4915   4.0 1 1 
	       1596.52 6810.55166  6810.5494   4.0 1 1 
	       1630.20 6808.52857  6808.5311   4.0 1 1 
	       1795.39 6798.48664  6798.4868   4.0 1 1 
	       1912.71 6791.23514  6791.2351   4.0 1 1 
	       1951.12 6788.83955  6788.8403   4.0 1 1 
	       1968.74 6787.73711  6787.7364   4.0 1 1 
	function chebyshev
	order 5
	sample *
	naverage 1
	niterate 2000
	low_reject 3.
	high_reject 3.
	grow 0.
	coefficients	9
		1.
		5.
		95.91172790527343
		1968.735961914063
		6841.598144790478
		-52.25660077515311
		-1.606239333137302
		-5.385273856594832E-4
		0.002341213379355441

# Mon 13:57:37 06-Feb-2023
begin	identify iazcomp.0038 - Ap 38
	id	iazcomp.0038
	task	identify
	image	iazcomp.0038 - Ap 38
	aperture	38
	aplow	1486.94
	aphigh	1494.9
	units	Angstroms
	features	30
	         94.99  6892.2515  6892.2502   4.0 1 1 
	        154.93 6889.30201  6889.3032   4.0 1 1 
	        177.72 6888.17358  6888.1742   4.0 1 1 
	        199.58  6887.0878  6887.0881   4.0 1 1 
	        348.85 6879.58274  6879.5824   4.0 1 1 
	        443.26 6874.75312   6874.753   4.0 1 1 
	        510.20 6871.28911  6871.2891   4.0 1 1 
	        564.53 6868.45358  6868.4508   4.0 1 1 
	        596.75 6866.76215  6866.7634   4.0 1 1 
	        657.83 6863.53413   6863.535   4.0 1 1 
	        700.39 6861.26871  6861.2688   4.0 1 1 
	        804.17 6855.68937  6855.6891   4.0 1 1 
	        804.17 6855.68937  6855.6891   4.0 1 1 
	        811.10 6855.31352   6855.315   4.0 1 1 
	        833.27 6854.11041  6854.1093   4.0 1 1 
	       1100.98 6839.29299  6839.2949   4.0 1 1 
	       1178.12 6834.92565  6834.9246   4.0 1 1 
	       1213.79 6832.89119  6832.8927   4.0 1 1 
	       1280.94 6829.03549  6829.0355   4.0 1 1 
	       1311.81 6827.25201  6827.2488   4.0 1 1 
	       1356.17 6824.67728  6824.6774   4.0 1 1 
	       1376.24 6823.50713  6823.5084   4.0 1 1 
	       1558.05 6812.77564  6812.7752   4.0 1 1 
	       1562.79 6812.49266  6812.4915   4.0 1 1 
	       1595.25 6810.55026  6810.5494   4.0 1 1 
	       1628.89   6808.529  6808.5311   4.0 1 1 
	       1794.04 6798.48654  6798.4868   4.0 1 1 
	       1911.36 6791.23409  6791.2351   4.0 1 1 
	       1949.72 6788.84102  6788.8403   4.0 1 1 
	       1967.37 6787.73672  6787.7364   4.0 1 1 
	function chebyshev
	order 5
	sample *
	naverage 1
	niterate 2000
	low_reject 3.
	high_reject 3.
	grow 0.
	coefficients	9
		1.
		5.
		94.98755645751952
		1967.365966796875
		6841.598407318774
		-52.25761380402748
		-1.606753845663936
		2.269841658382657E-4
		0.002458015044137248

