# Tue 22:43:56 07-Sep-2021
begin	identify iazcomp.0029 - Ap 29
	id	iazcomp.0029
	task	identify
	image	iazcomp.0029 - Ap 29
	aperture	29
	aplow	1376.01
	aphigh	1385.25
	units	Angstroms
	features	34
	        119.06 5874.98386  5874.9865   4.0 1 1 
	        134.23 5874.34986  5874.3513   4.0 1 1 
	        209.43 5871.18416  5871.1828   4.0 1 1 
	        224.38 5870.55098  5870.5526   4.0 1 1 
	        275.42 5868.37702  5868.3745   4.0 1 1 
	        383.44 5863.72218  5863.7184   4.0 1 1 
	        570.20 5855.49996  5855.4986   4.0 1 1 
	        601.01 5854.12223  5854.1207   4.0 1 1 
	        615.43 5853.47551  5853.4745   4.0 1 1 
	        633.14 5852.67935  5852.6806   4.0 1 1 
	        781.80 5845.91797  5845.9188   4.0 1 1 
	        806.23 5844.79362  5844.7909   4.0 1 1 
	        827.63 5843.80556  5843.8069   4.0 1 1 
	        895.84 5840.63712  5840.6404   4.0 1 1 
	       1031.24 5834.26059  5834.2633   4.0 1 1 
	       1070.94 5832.36886  5832.3705   4.0 1 1 
	       1103.18 5830.82558  5830.8272   4.0 1 1 
	       1138.91 5829.10767  5829.1097   4.0 1 1 
	       1268.83 5822.79349  5822.7933   4.0 1 1 
	       1333.62 5819.60518  5819.6027   4.0 1 1 
	       1356.92  5818.4521  5818.4495   4.0 1 1 
	       1371.41 5817.73329  5817.7348   4.0 1 1 
	       1417.80  5815.4232  5815.4219   4.0 1 1 
	       1466.75 5812.97093  5812.9725   4.0 1 1 
	       1552.15 5808.65764  5808.6569   4.0 1 1 
	       1571.36 5807.68069  5807.6814   4.0 1 1 
	       1640.58 5804.14242  5804.1412   4.0 1 1 
	       1680.58 5802.08438  5802.0798   4.0 1 1 
	       1704.85 5800.83077  5800.8297   4.0 1 1 
	       1750.20  5798.4786   5798.478   4.0 1 1 
	       1772.46   5797.319  5797.3194   4.0 1 1 
	       1796.43  5796.0671  5796.0683   4.0 1 1 
	       1865.69  5792.4298  5792.4304   4.0 1 1 
	       1918.39 5789.64246  5789.6451   4.0 1 1 
	function chebyshev
	order 4
	sample *
	naverage 1
	niterate 2000
	low_reject 3.
	high_reject 3.
	grow 0.
	coefficients	8
		1.
		4.
		119.0625534057617
		1918.388061523438
		5833.583942267966
		-42.6731084909156
		-1.270782536245357
		0.002406464443718658

# Fri 10:59:12 11-Mar-2022
begin	identify iazcomp.0029 - Ap 29
	id	iazcomp.0029
	task	identify
	image	iazcomp.0029 - Ap 29
	aperture	29
	aplow	1376.01
	aphigh	1385.25
	units	Angstroms
	features	37
	        103.23 5874.98516  5874.9865   4.0 1 1 
	        118.42 5874.35029  5874.3513   4.0 1 1 
	        125.85 5874.03881  5874.0383   4.0 1 1 
	        160.14 5872.59859  5872.6028   4.0 1 1 
	        193.63 5871.18449  5871.1828   4.0 1 1 
	        208.57 5870.55158  5870.5526   4.0 1 1 
	        259.65 5868.37656  5868.3745   4.0 1 1 
	        367.70 5863.72157  5863.7184   4.0 1 1 
	        445.69 5860.31581  5860.3103   4.0 1 1 
	        554.53 5855.49882  5855.4986   4.0 1 1 
	        585.34 5854.12182  5854.1207   4.0 1 1 
	        599.76 5853.47528  5853.4745   4.0 1 1 
	        617.49 5852.67858  5852.6806   4.0 1 1 
	        766.23 5845.91704  5845.9188   4.0 1 1 
	        790.65 5844.79376  5844.7909   4.0 1 1 
	        812.09 5843.80419  5843.8069   4.0 1 1 
	        880.31 5840.63691  5840.6404   4.0 1 1 
	       1015.77 5834.26106  5834.2633   4.0 1 1 
	       1055.50 5832.36914  5832.3705   4.0 1 1 
	       1087.76 5830.82596  5830.8272   4.0 1 1 
	       1123.50 5829.10873  5829.1097   4.0 1 1 
	       1253.50 5822.79392  5822.7933   4.0 1 1 
	       1318.37 5819.60364  5819.6027   4.0 1 1 
	       1341.66 5818.45177  5818.4495   4.0 1 1 
	       1356.15 5817.73361  5817.7348   4.0 1 1 
	       1402.56 5815.42388  5815.4219   4.0 1 1 
	       1451.57 5812.97047  5812.9725   4.0 1 1 
	       1537.00 5808.65767  5808.6569   4.0 1 1 
	       1556.23 5807.68018  5807.6814   4.0 1 1 
	       1625.48  5804.1429  5804.1412   4.0 1 1 
	       1665.51 5802.08395  5802.0798   4.0 1 1 
	       1689.78 5800.83123  5800.8297   4.0 1 1 
	       1735.15 5798.47913   5798.478   4.0 1 1 
	       1757.44 5797.31874  5797.3194   4.0 1 1 
	       1781.40 5796.06764  5796.0683   4.0 1 1 
	       1850.72 5792.42948  5792.4304   4.0 1 1 
	       1903.44 5789.64213  5789.6451   4.0 1 1 
	function chebyshev
	order 4
	sample *
	naverage 1
	niterate 2000
	low_reject 3.
	high_reject 3.
	grow 0.
	coefficients	8
		1.
		4.
		103.2283248901367
		1903.437744140625
		5833.582472264704
		-42.67287747559935
		-1.268827418569668
		0.001358366807067163

# Tue 15:32:18 29-Mar-2022
begin	identify iazcomp.0029 - Ap 29
	id	iazcomp.0029
	task	identify
	image	iazcomp.0029 - Ap 29
	aperture	29
	aplow	1376.01
	aphigh	1385.25
	units	Angstroms
	features	37
	        103.97 5874.98366  5874.9865   4.0 1 1 
	        119.15 5874.34893  5874.3513   4.0 1 1 
	        126.64 5874.03516  5874.0383   4.0 1 1 
	        160.73 5872.60321  5872.6028   4.0 1 1 
	        194.27 5871.18671  5871.1828   4.0 1 1 
	        209.26 5870.55124  5870.5526   4.0 1 1 
	        260.29  5868.3779  5868.3745   4.0 1 1 
	        368.36 5863.72116  5863.7184   4.0 1 1 
	        446.37 5860.31442  5860.3103   4.0 1 1 
	        555.08 5855.50271  5855.4986   4.0 1 1 
	        585.99 5854.12117  5854.1207   4.0 1 1 
	        600.42 5853.47417  5853.4745   4.0 1 1 
	        618.13 5852.67828  5852.6806   4.0 1 1 
	        766.85 5845.91663  5845.9188   4.0 1 1 
	        791.26 5844.79376  5844.7909   4.0 1 1 
	        812.70 5843.80431  5843.8069   4.0 1 1 
	        880.91 5840.63683  5840.6404   4.0 1 1 
	       1016.37 5834.26099  5834.2633   4.0 1 1 
	       1056.11 5832.36842  5832.3705   4.0 1 1 
	       1088.36  5830.8257  5830.8272   4.0 1 1 
	       1124.13 5829.10657  5829.1097   4.0 1 1 
	       1254.09 5822.79364  5822.7933   4.0 1 1 
	       1318.97  5819.6025  5819.6027   4.0 1 1 
	       1342.22 5818.45243  5818.4495   4.0 1 1 
	       1356.69 5817.73489  5817.7348   4.0 1 1 
	       1403.13 5815.42401  5815.4219   4.0 1 1 
	       1452.13 5812.97074  5812.9725   4.0 1 1 
	       1537.52 5808.65948  5808.6569   4.0 1 1 
	       1556.78 5807.68055  5807.6814   4.0 1 1 
	       1626.02 5804.14302  5804.1412   4.0 1 1 
	       1666.06 5802.08399  5802.0798   4.0 1 1 
	       1690.33 5800.83099  5800.8297   4.0 1 1 
	       1735.68 5798.47938   5798.478   4.0 1 1 
	       1757.97 5797.31909  5797.3194   4.0 1 1 
	       1781.94 5796.06777  5796.0683   4.0 1 1 
	       1851.26  5792.4286  5792.4304   4.0 1 1 
	       1903.97  5789.6415  5789.6451   4.0 1 1 
	function chebyshev
	order 4
	sample *
	naverage 1
	niterate 2000
	low_reject 3.
	high_reject 3.
	grow 0.
	coefficients	8
		1.
		4.
		103.9738159179688
		1903.971313476563
		5833.580875393907
		-42.67208297867963
		-1.26829223751612
		0.001002253176891026

# Mon 11:38:36 30-Jan-2023
begin	identify iazcomp.0029 - Ap 29
	id	iazcomp.0029
	task	identify
	image	iazcomp.0029 - Ap 29
	aperture	29
	aplow	1376.01
	aphigh	1385.25
	units	Angstroms
	features	40
	        108.24 5874.98481  5874.9865   4.0 1 1 
	        123.45 5874.34908  5874.3513   4.0 1 1 
	        130.89 5874.03711  5874.0383   4.0 1 1 
	        165.06 5872.60189  5872.6028   4.0 1 1 
	        198.59 5871.18604  5871.1828   4.0 1 1 
	        213.53 5870.55277  5870.5526   4.0 1 1 
	        264.61 5868.37769  5868.3745   4.0 1 1 
	        301.23 5866.80819  5866.8119   4.0 1 1 
	        372.67 5863.72189  5863.7184   4.0 1 1 
	        450.68 5860.31554  5860.3103   4.0 1 1 
	        559.58 5855.49665  5855.4986   4.0 1 1 
	        590.35 5854.12162  5854.1207   4.0 1 1 
	        604.77  5853.4752  5853.4745   4.0 1 1 
	        622.50 5852.67839  5852.6806   4.0 1 1 
	        771.23 5845.91822  5845.9188   4.0 1 1 
	        795.66 5844.79475  5844.7909   4.0 1 1 
	        817.09 5843.80606  5843.8069   4.0 1 1 
	        885.34 5840.63783  5840.6404   4.0 1 1 
	        921.54 5838.94569  5838.9502   4.0 1 1 
	       1020.83 5834.26172  5834.2633   4.0 1 1 
	       1060.57 5832.36986  5832.3705   4.0 1 1 
	       1092.83 5830.82685  5830.8272   4.0 1 1 
	       1128.58 5829.10906  5829.1097   4.0 1 1 
	       1258.63 5822.79368  5822.7933   4.0 1 1 
	       1323.50 5819.60375  5819.6027   4.0 1 1 
	       1346.78 5818.45247  5818.4495   4.0 1 1 
	       1361.28 5817.73385  5817.7348   4.0 1 1 
	       1407.70 5815.42402  5815.4219   4.0 1 1 
	       1456.69 5812.97143  5812.9725   4.0 1 1 
	       1542.14 5808.65811  5808.6569   4.0 1 1 
	       1561.38 5807.68064  5807.6814   4.0 1 1 
	       1600.31 5805.69576  5805.7017   4.0 1 1 
	       1630.63 5804.14305  5804.1412   4.0 1 1 
	       1670.66 5802.08428  5802.0798   4.0 1 1 
	       1694.94 5800.83085  5800.8297   4.0 1 1 
	       1740.30 5798.47963   5798.478   4.0 1 1 
	       1762.58 5797.31983  5797.3194   4.0 1 1 
	       1786.55  5796.0682  5796.0683   4.0 1 1 
	       1855.88 5792.42929  5792.4304   4.0 1 1 
	       1908.58 5789.64253  5789.6451   4.0 1 1 
	function chebyshev
	order 4
	sample *
	naverage 1
	niterate 2000
	low_reject 3.
	high_reject 3.
	grow 0.
	coefficients	8
		1.
		4.
		108.2410659790039
		1908.581420898437
		5833.582350707617
		-42.67138408341533
		-1.268680066943929
		2.460994928304573E-4

# Mon 13:57:22 06-Feb-2023
begin	identify iazcomp.0029 - Ap 29
	id	iazcomp.0029
	task	identify
	image	iazcomp.0029 - Ap 29
	aperture	29
	aplow	1376.01
	aphigh	1385.25
	units	Angstroms
	features	40
	        107.35 5874.98327  5874.9865   4.0 1 1 
	        122.53 5874.34856  5874.3513   4.0 1 1 
	        129.95 5874.03763  5874.0383   4.0 1 1 
	        164.12 5872.60186  5872.6028   4.0 1 1 
	        197.64 5871.18646  5871.1828   4.0 1 1 
	        212.60 5870.55239  5870.5526   4.0 1 1 
	        263.68 5868.37679  5868.3745   4.0 1 1 
	        300.21 5866.81098  5866.8119   4.0 1 1 
	        371.69 5863.72251  5863.7184   4.0 1 1 
	        449.68 5860.31594  5860.3103   4.0 1 1 
	        558.54  5855.4974  5855.4986   4.0 1 1 
	        589.33 5854.12104  5854.1207   4.0 1 1 
	        603.74 5853.47497  5853.4745   4.0 1 1 
	        621.46 5852.67829  5852.6806   4.0 1 1 
	        770.15 5845.91801  5845.9188   4.0 1 1 
	        794.55 5844.79537  5844.7909   4.0 1 1 
	        815.99 5843.80563  5843.8069   4.0 1 1 
	        884.21 5840.63753  5840.6404   4.0 1 1 
	        920.40 5838.94542  5838.9502   4.0 1 1 
	       1019.67   5834.261  5834.2633   4.0 1 1 
	       1059.40   5832.369  5832.3705   4.0 1 1 
	       1091.64 5830.82628  5830.8272   4.0 1 1 
	       1127.38 5829.10895  5829.1097   4.0 1 1 
	       1257.37  5822.7937  5822.7933   4.0 1 1 
	       1322.21 5819.60424  5819.6027   4.0 1 1 
	       1345.51 5818.45178  5818.4495   4.0 1 1 
	       1360.00 5817.73349  5817.7348   4.0 1 1 
	       1406.39 5815.42459  5815.4219   4.0 1 1 
	       1455.36 5812.97229  5812.9725   4.0 1 1 
	       1540.79 5808.65899  5808.6569   4.0 1 1 
	       1560.03 5807.68102  5807.6814   4.0 1 1 
	       1598.97 5805.69519  5805.7017   4.0 1 1 
	       1629.28 5804.14314  5804.1412   4.0 1 1 
	       1669.30 5802.08429  5802.0798   4.0 1 1 
	       1693.56 5800.83194  5800.8297   4.0 1 1 
	       1738.91 5798.48045   5798.478   4.0 1 1 
	       1761.20 5797.31972  5797.3194   4.0 1 1 
	       1785.19 5796.06734  5796.0683   4.0 1 1 
	       1854.49 5792.42917  5792.4304   4.0 1 1 
	       1907.20 5789.64169  5789.6451   4.0 1 1 
	function chebyshev
	order 4
	sample *
	naverage 1
	niterate 2000
	low_reject 3.
	high_reject 3.
	grow 0.
	coefficients	8
		1.
		4.
		107.3509979248047
		1907.202758789062
		5833.580876705847
		-42.6718878596229
		-1.268395202835506
		0.001097799659256391

