# Tue 22:42:02 07-Sep-2021
begin	identify iazcomp.0023 - Ap 23
	id	iazcomp.0023
	task	identify
	image	iazcomp.0023 - Ap 23
	aperture	23
	aplow	1291.01
	aphigh	1300.84
	units	Angstroms
	features	35
	         42.94 5351.83842  5351.8365   4.0 1 1 
	         61.92 5351.12386  5351.1265   4.0 1 1 
	        117.99 5349.00105  5349.0054   4.0 1 1 
	        145.00 5347.97219  5347.9714   4.0 1 1 
	        214.26 5345.31438  5345.3117   4.0 1 1 
	        258.95 5343.58538  5343.5812   4.0 1 1 
	        598.32 5330.07972  5330.0804   4.0 1 1 
	        674.02 5326.97695  5326.9756   4.0 1 1 
	        691.05 5326.27422  5326.2774   4.0 1 1 
	        711.42 5325.43198  5325.4317   4.0 1 1 
	        718.38 5325.14355  5325.1438   4.0 1 1 
	        772.31 5322.89901  5322.8988   4.0 1 1 
	        823.10 5320.76992  5320.7699   4.0 1 1 
	        878.64 5318.42467  5318.4268   4.0 1 1 
	        900.57 5317.49381  5317.4944   4.0 1 1 
	       1016.42 5312.53059  5312.5288   4.0 1 1 
	       1028.69 5312.00031  5312.0018   4.0 1 1 
	       1068.72 5310.26463  5310.2665   4.0 1 1 
	       1132.82 5307.46613  5307.4655   4.0 1 1 
	       1143.75 5306.98652  5306.9864   4.0 1 1 
	       1269.90 5301.40256  5301.4043   4.0 1 1 
	       1289.55 5300.52425  5300.5234   4.0 1 1 
	       1339.50 5298.28253  5298.2824   4.0 1 1 
	       1383.79 5296.28323  5296.2787   4.0 1 1 
	       1410.08 5295.09112  5295.0886   4.0 1 1 
	       1425.35 5294.39665  5294.3971   4.0 1 1 
	       1481.82 5291.81768  5291.8163   4.0 1 1 
	       1588.69 5286.88825   5286.887   4.0 1 1 
	       1701.24 5281.62728  5281.6285   4.0 1 1 
	       1713.13 5281.06732  5281.0687   4.0 1 1 
	       1728.45 5280.34483  5280.3441   4.0 1 1 
	       1788.52  5277.4993  5277.5002   4.0 1 1 
	       1811.51 5276.40459  5276.4089   4.0 1 1 
	       1859.37 5274.11729  5274.1188   4.0 1 1 
	       2012.50 5266.71364  5266.7103   4.0 1 1 
	function chebyshev
	order 5
	sample *
	naverage 1
	niterate 2000
	low_reject 3.
	high_reject 3.
	grow 0.
	coefficients	9
		1.
		5.
		42.93892669677734
		2012.495483398438
		5310.657258192306
		-42.567424664556
		-1.383220910118323
		0.005031689090525393
		0.001992115956665791

# Fri 10:56:33 11-Mar-2022
begin	identify iazcomp.0023 - Ap 23
	id	iazcomp.0023
	task	identify
	image	iazcomp.0023 - Ap 23
	aperture	23
	aplow	1291.01
	aphigh	1300.84
	units	Angstroms
	features	41
	         27.34 5351.83697  5351.8365   4.0 1 1 
	         46.26 5351.12408  5351.1265   4.0 1 1 
	        102.23 5349.00454  5349.0054   4.0 1 1 
	        129.33 5347.97181  5347.9714   4.0 1 1 
	        198.66  5345.3117  5345.3117   4.0 1 1 
	        243.37   5343.582  5343.5812   4.0 1 1 
	        322.29  5340.5008  5340.4982   4.0 1 1 
	        410.37 5337.02092  5337.0154   4.0 1 1 
	        582.83 5330.07922  5330.0804   4.0 1 1 
	        658.59 5326.97578  5326.9756   4.0 1 1 
	        675.62 5326.27377  5326.2774   4.0 1 1 
	        696.04 5325.42949  5325.4317   4.0 1 1 
	        702.99 5325.14183  5325.1438   4.0 1 1 
	        756.92 5322.89867  5322.8988   4.0 1 1 
	        807.74 5320.77003  5320.7699   4.0 1 1 
	        863.33 5318.42406  5318.4268   4.0 1 1 
	        885.26 5317.49404  5317.4944   4.0 1 1 
	       1001.19 5312.53039  5312.5288   4.0 1 1 
	       1013.44 5312.00118  5312.0018   4.0 1 1 
	       1053.49 5310.26555  5310.2665   4.0 1 1 
	       1117.63 5307.46692  5307.4655   4.0 1 1 
	       1128.55 5306.98797  5306.9864   4.0 1 1 
	       1254.77  5301.4037  5301.4043   4.0 1 1 
	       1274.46 5300.52433  5300.5234   4.0 1 1 
	       1324.44 5298.28223  5298.2824   4.0 1 1 
	       1368.72   5296.284  5296.2787   4.0 1 1 
	       1395.02 5295.09178  5295.0886   4.0 1 1 
	       1410.34 5294.39597  5294.3971   4.0 1 1 
	       1466.87 5291.81536  5291.8163   4.0 1 1 
	       1573.76 5286.88704   5286.887   4.0 1 1 
	       1686.38 5281.62558  5281.6285   4.0 1 1 
	       1698.28 5281.06546  5281.0687   4.0 1 1 
	       1713.52 5280.34716  5280.3441   4.0 1 1 
	       1719.00 5280.08873  5280.0855   4.0 1 1 
	       1773.70 5277.49794  5277.5002   4.0 1 1 
	       1781.10 5277.14653   5277.146   4.0 1 1 
	       1796.67 5276.40519  5276.4089   4.0 1 1 
	       1844.60  5274.1162  5274.1188   4.0 1 1 
	       1869.42 5272.92538   5272.927   4.0 1 1 
	       1875.25 5272.64562  5272.6439   4.0 1 1 
	       1997.83 5266.71387  5266.7103   4.0 1 1 
	function chebyshev
	order 5
	sample *
	naverage 1
	niterate 2000
	low_reject 3.
	high_reject 3.
	grow 0.
	coefficients	9
		1.
		5.
		27.33733367919922
		1997.83154296875
		5310.653303036134
		-42.56578239238741
		-1.381370456281111
		0.00422936254190816
		0.003488479937928629

# Tue 15:08:43 29-Mar-2022
begin	identify iazcomp.0023 - Ap 23
	id	iazcomp.0023
	task	identify
	image	iazcomp.0023 - Ap 23
	aperture	23
	aplow	1291.01
	aphigh	1300.84
	units	Angstroms
	features	41
	         28.09 5351.83576  5351.8365   4.0 1 1 
	         46.92 5351.12667  5351.1265   4.0 1 1 
	        102.99 5349.00277  5349.0054   4.0 1 1 
	        130.06 5347.97104  5347.9714   4.0 1 1 
	        199.35 5345.31186  5345.3117   4.0 1 1 
	        244.04 5343.58248  5343.5812   4.0 1 1 
	        322.93 5340.50219  5340.4982   4.0 1 1 
	        411.04  5337.0208  5337.0154   4.0 1 1 
	        583.49 5330.07842  5330.0804   4.0 1 1 
	        659.24 5326.97514  5326.9756   4.0 1 1 
	        676.25  5326.2738  5326.2774   4.0 1 1 
	        696.66 5325.43016  5325.4317   4.0 1 1 
	        703.61 5325.14207  5325.1438   4.0 1 1 
	        757.54  5322.8991  5322.8988   4.0 1 1 
	        808.36 5320.76991  5320.7699   4.0 1 1 
	        863.94 5318.42415  5318.4268   4.0 1 1 
	        885.88 5317.49345  5317.4944   4.0 1 1 
	       1001.78 5312.53057  5312.5288   4.0 1 1 
	       1014.05 5312.00072  5312.0018   4.0 1 1 
	       1054.09 5310.26526  5310.2665   4.0 1 1 
	       1118.22  5307.4665  5307.4655   4.0 1 1 
	       1129.15 5306.98713  5306.9864   4.0 1 1 
	       1255.32 5301.40451  5301.4043   4.0 1 1 
	       1275.02  5300.5246  5300.5234   4.0 1 1 
	       1325.00 5298.28242  5298.2824   4.0 1 1 
	       1369.26 5296.28491  5296.2787   4.0 1 1 
	       1395.58 5295.09175  5295.0886   4.0 1 1 
	       1410.89 5294.39619  5294.3971   4.0 1 1 
	       1467.41  5291.8161  5291.8163   4.0 1 1 
	       1574.32 5286.88645   5286.887   4.0 1 1 
	       1686.93 5281.62534  5281.6285   4.0 1 1 
	       1698.81 5281.06636  5281.0687   4.0 1 1 
	       1714.07 5280.34702  5280.3441   4.0 1 1 
	       1719.55 5280.08839  5280.0855   4.0 1 1 
	       1774.25 5277.49755  5277.5002   4.0 1 1 
	       1781.65 5277.14615   5277.146   4.0 1 1 
	       1797.23 5276.40451  5276.4089   4.0 1 1 
	       1845.15 5274.11572  5274.1188   4.0 1 1 
	       1869.94 5272.92649   5272.927   4.0 1 1 
	       1875.80 5272.64496  5272.6439   4.0 1 1 
	       1998.37 5266.71446  5266.7103   4.0 1 1 
	function chebyshev
	order 5
	sample *
	naverage 1
	niterate 2000
	low_reject 3.
	high_reject 3.
	grow 0.
	coefficients	9
		1.
		5.
		28.09434700012207
		1998.366455078125
		5310.651883188294
		-42.56510324710686
		-1.380412108988492
		0.004449998363430181
		0.003638921565933928

# Mon 11:36:44 30-Jan-2023
begin	identify iazcomp.0023 - Ap 23
	id	iazcomp.0023
	task	identify
	image	iazcomp.0023 - Ap 23
	aperture	23
	aplow	1291.01
	aphigh	1300.84
	units	Angstroms
	features	44
	         32.31 5351.83671  5351.8365   4.0 1 1 
	         51.19 5351.12549  5351.1265   4.0 1 1 
	        107.31 5348.99993  5349.0054   4.0 1 1 
	        134.29 5347.97186  5347.9714   4.0 1 1 
	        175.80 5346.38236  5346.3778   4.0 1 1 
	        203.59 5345.31283  5345.3117   4.0 1 1 
	        248.34 5343.58157  5343.5812   4.0 1 1 
	        327.26 5340.50051  5340.4982   4.0 1 1 
	        415.42 5337.01798  5337.0154   4.0 1 1 
	        587.85 5330.07834  5330.0804   4.0 1 1 
	        663.60 5326.97586  5326.9756   4.0 1 1 
	        680.63 5326.27394  5326.2774   4.0 1 1 
	        701.03 5325.43074  5325.4317   4.0 1 1 
	        707.99 5325.14248  5325.1438   4.0 1 1 
	        761.93 5322.89984  5322.8988   4.0 1 1 
	        812.76 5320.77093  5320.7699   4.0 1 1 
	        868.36 5318.42526  5318.4268   4.0 1 1 
	        890.29 5317.49538  5317.4944   4.0 1 1 
	        943.58 5315.22359  5315.2278   4.0 1 1 
	        997.67 5312.90105  5312.9045   4.0 1 1 
	       1006.24 5312.53153  5312.5288   4.0 1 1 
	       1018.50 5312.00209  5312.0018   4.0 1 1 
	       1058.57 5310.26604  5310.2665   4.0 1 1 
	       1122.72 5307.46725  5307.4655   4.0 1 1 
	       1133.66 5306.98756  5306.9864   4.0 1 1 
	       1259.88  5301.4043  5301.4043   4.0 1 1 
	       1279.58  5300.5248  5300.5234   4.0 1 1 
	       1329.56 5298.28288  5298.2824   4.0 1 1 
	       1373.87 5296.28342  5296.2787   4.0 1 1 
	       1400.20 5295.09018  5295.0886   4.0 1 1 
	       1415.47 5294.39642  5294.3971   4.0 1 1 
	       1472.00 5291.81637  5291.8163   4.0 1 1 
	       1578.93  5286.8867   5286.887   4.0 1 1 
	       1691.50 5281.62738  5281.6285   4.0 1 1 
	       1703.43 5281.06625  5281.0687   4.0 1 1 
	       1718.71  5280.3458  5280.3441   4.0 1 1 
	       1724.20  5280.0869  5280.0855   4.0 1 1 
	       1778.86 5277.49795  5277.5002   4.0 1 1 
	       1786.27 5277.14583   5277.146   4.0 1 1 
	       1801.81 5276.40603  5276.4089   4.0 1 1 
	       1849.73 5274.11704  5274.1188   4.0 1 1 
	       1874.57 5272.92568   5272.927   4.0 1 1 
	       1880.41 5272.64517  5272.6439   4.0 1 1 
	       2002.97 5266.71369  5266.7103   4.0 1 1 
	function chebyshev
	order 5
	sample *
	naverage 1
	niterate 2000
	low_reject 3.
	high_reject 3.
	grow 0.
	coefficients	9
		1.
		5.
		32.31305694580078
		2002.973266601563
		5310.653640920544
		-42.5645324178275
		-1.382022625145871
		0.003023880140608151
		0.003579065511825186

# Mon 13:57:13 06-Feb-2023
begin	identify iazcomp.0023 - Ap 23
	id	iazcomp.0023
	task	identify
	image	iazcomp.0023 - Ap 23
	aperture	23
	aplow	1291.01
	aphigh	1300.84
	units	Angstroms
	features	44
	         31.42 5351.83638  5351.8365   4.0 1 1 
	         50.27 5351.12618  5351.1265   4.0 1 1 
	        106.36  5349.0015  5349.0054   4.0 1 1 
	        133.37 5347.97229  5347.9714   4.0 1 1 
	        174.77 5346.38648  5346.3778   4.0 1 0 
	        202.68 5345.31212  5345.3117   4.0 1 1 
	        247.38 5343.58259  5343.5812   4.0 1 1 
	        326.28 5340.50198  5340.4982   4.0 1 1 
	        414.41  5337.0194  5337.0154   4.0 1 1 
	        586.82 5330.07829  5330.0804   4.0 1 1 
	        662.54 5326.97616  5326.9756   4.0 1 1 
	        679.57 5326.27377  5326.2774   4.0 1 1 
	        699.95 5325.43147  5325.4317   4.0 1 1 
	        706.90 5325.14341  5325.1438   4.0 1 1 
	        760.89 5322.89784  5322.8988   4.0 1 1 
	        811.66 5320.77069  5320.7699   4.0 1 1 
	        867.23  5318.4253  5318.4268   4.0 1 1 
	        889.17 5317.49429  5317.4944   4.0 1 1 
	        942.43 5315.22339  5315.2278   4.0 1 1 
	        996.50 5312.90071  5312.9045   4.0 1 1 
	       1005.06 5312.53138  5312.5288   4.0 1 1 
	       1017.33 5312.00165  5312.0018   4.0 1 1 
	       1057.38 5310.26554  5310.2665   4.0 1 1 
	       1121.50 5307.46718  5307.4655   4.0 1 1 
	       1132.42 5306.98821  5306.9864   4.0 1 1 
	       1258.59 5301.40515  5301.4043   4.0 1 1 
	       1278.30 5300.52495  5300.5234   4.0 1 1 
	       1328.26 5298.28307  5298.2824   4.0 1 1 
	       1372.57 5296.28326  5296.2787   4.0 1 1 
	       1398.88 5295.09083  5295.0886   4.0 1 1 
	       1414.15 5294.39663  5294.3971   4.0 1 1 
	       1470.64 5291.81746  5291.8163   4.0 1 1 
	       1577.56 5286.88709   5286.887   4.0 1 1 
	       1690.14 5281.62675  5281.6285   4.0 1 1 
	       1702.05 5281.06635  5281.0687   4.0 1 1 
	       1717.42  5280.3416  5280.3441   4.0 1 1 
	       1722.76 5280.08958  5280.0855   4.0 1 1 
	       1777.47 5277.49821  5277.5002   4.0 1 1 
	       1784.88 5277.14588   5277.146   4.0 1 1 
	       1800.41 5276.40652  5276.4089   4.0 1 1 
	       1848.35 5274.11651  5274.1188   4.0 1 1 
	       1873.16 5272.92644   5272.927   4.0 1 1 
	       1879.05 5272.64329  5272.6439   4.0 1 1 
	       2001.56 5266.71479  5266.7103   4.0 1 1 
	function chebyshev
	order 5
	sample *
	naverage 1
	niterate 2000
	low_reject 3.
	high_reject 3.
	grow 0.
	coefficients	9
		1.
		5.
		31.41934204101562
		2001.557861328125
		5310.653156260461
		-42.56518118635847
		-1.381150885615101
		0.0043840009800947
		0.003577469538815581

