# Tue 22:40:57 07-Sep-2021
begin	identify iazcomp.0019 - Ap 19
	id	iazcomp.0019
	task	identify
	image	iazcomp.0019 - Ap 19
	aperture	19
	aplow	1229.09
	aphigh	1238.09
	units	Angstroms
	features	38
	         59.61 5049.79402   5049.796   4.0 1 1 
	        136.54 5047.04241  5047.0434   4.0 1 1 
	        186.26 5045.24754  5045.2481   4.0 1 1 
	        200.74 5044.72242  5044.7195   4.0 1 1 
	        233.90 5043.51518  5043.5145   4.0 1 1 
	        286.20 5041.59948  5041.5998   4.0 1 1 
	        299.11 5041.12432  5041.1224   4.0 1 1 
	        350.28  5039.2323  5039.2303   4.0 1 1 
	        597.46 5029.89265  5029.8916   4.0 1 1 
	        620.41 5029.00888  5029.0119   4.0 1 1 
	        629.69 5028.65064  5028.6556   4.0 1 1 
	        756.48 5023.70921  5023.7084   4.0 1 1 
	        799.55 5022.01065  5022.0051   4.0 1 1 
	        818.69 5021.25243  5021.2531   4.0 1 1 
	        836.59 5020.54171  5020.5458   4.0 1 1 
	        855.04 5019.80746  5019.8062   4.0 1 1 
	        899.01 5018.04973  5018.0535   4.0 1 1 
	        936.68 5016.53555  5016.5356   4.0 1 1 
	        952.59 5015.89382  5015.8893   4.0 1 1 
	       1061.17 5011.47653  5011.4774   4.0 1 1 
	       1087.09 5010.41263  5010.4174   4.0 1 1 
	       1113.21 5009.33655  5009.3344   4.0 1 1 
	       1251.03 5003.59897  5003.5981   4.0 1 1 
	       1286.65 5002.09951  5002.0972   4.0 1 1 
	       1330.43 5000.24712  5000.2463   4.0 1 1 
	       1473.93 4994.10278  4994.1058   4.0 1 1 
	       1481.99 4993.75471  4993.7488   4.0 1 1 
	       1519.56 4992.12613  4992.1257   4.0 1 1 
	       1584.17  4989.3084  4989.3086   4.0 1 1 
	       1624.04 4987.55859  4987.5582   4.0 1 1 
	       1633.40 4987.14664   4987.147   4.0 1 1 
	       1660.55  4985.9488  4985.9486   4.0 1 1 
	       1673.61  4985.3715  4985.3725   4.0 1 1 
	       1738.57 4982.48589  4982.4875   4.0 1 1 
	       1773.00 4980.94723  4980.9513   4.0 1 1 
	       1790.02 4980.18469  4980.1859   4.0 1 1 
	       1883.89 4975.95072  4975.9485   4.0 1 1 
	       1967.07  4972.1612  4972.1597   4.0 1 1 
	function chebyshev
	order 5
	sample *
	naverage 1
	niterate 2000
	low_reject 3.
	high_reject 3.
	grow 0.
	coefficients	9
		1.
		5.
		59.60713577270507
		1967.070678710937
		5012.201570194994
		-38.8204957712639
		-1.226284557471038
		0.004084702167861776
		0.002327017922559417

# Fri 10:55:06 11-Mar-2022
begin	identify iazcomp.0019 - Ap 19
	id	iazcomp.0019
	task	identify
	image	iazcomp.0019 - Ap 19
	aperture	19
	aplow	1229.09
	aphigh	1238.09
	units	Angstroms
	features	40
	         16.36 5050.78149  5050.7842   4.0 1 1 
	         44.10 5049.79701   5049.796   4.0 1 1 
	        121.08 5047.04354  5047.0434   4.0 1 1 
	        170.79   5045.249  5045.2481   4.0 1 1 
	        185.30 5044.72255  5044.7195   4.0 1 1 
	        218.60 5043.51048  5043.5145   4.0 1 1 
	        270.79   5041.599  5041.5998   4.0 1 1 
	        283.66 5041.12568  5041.1224   4.0 1 1 
	        334.86 5039.23292  5039.2303   4.0 1 1 
	        582.16 5029.89241  5029.8916   4.0 1 1 
	        605.10 5029.00923  5029.0119   4.0 1 1 
	        614.39  5028.6507  5028.6556   4.0 1 1 
	        741.23 5023.70945  5023.7084   4.0 1 1 
	        784.36 5022.00954  5022.0051   4.0 1 1 
	        803.44 5021.25413  5021.2531   4.0 1 1 
	        821.37 5020.54274  5020.5458   4.0 1 1 
	        839.87 5019.80685  5019.8062   4.0 1 1 
	        883.87 5018.04892  5018.0535   4.0 1 1 
	        921.53 5016.53566  5016.5356   4.0 1 1 
	        937.46 5015.89349  5015.8893   4.0 1 1 
	       1046.09 5011.47662  5011.4774   4.0 1 1 
	       1071.99 5010.41425  5010.4174   4.0 1 1 
	       1098.17 5009.33655  5009.3344   4.0 1 1 
	       1126.00 5008.18683  5008.1897   4.0 1 1 
	       1236.09  5003.5977  5003.5981   4.0 1 1 
	       1271.71 5002.09897  5002.0972   4.0 1 1 
	       1315.47 5000.24863  5000.2463   4.0 1 1 
	       1322.73 4999.94043  4999.9398   4.0 1 1 
	       1467.16 4993.75418  4993.7488   4.0 1 1 
	       1504.78 4992.12482  4992.1257   4.0 1 1 
	       1569.39 4989.30841  4989.3086   4.0 1 1 
	       1609.29 4987.55852  4987.5582   4.0 1 1 
	       1618.66 4987.14614   4987.147   4.0 1 1 
	       1645.80 4985.94965  4985.9486   4.0 1 1 
	       1658.89 4985.37124  4985.3725   4.0 1 1 
	       1723.88 4982.48596  4982.4875   4.0 1 1 
	       1758.34 4980.94731  4980.9513   4.0 1 1 
	       1775.37 4980.18465  4980.1859   4.0 1 1 
	       1869.34 4975.94873  4975.9485   4.0 1 1 
	       1952.51  4972.1625  4972.1597   4.0 1 1 
	function chebyshev
	order 5
	sample *
	naverage 1
	niterate 2000
	low_reject 3.
	high_reject 3.
	grow 0.
	coefficients	9
		1.
		5.
		16.36490249633789
		1952.5107421875
		5012.728738367253
		-39.31273065426601
		-1.259625237273734
		0.003234540015172884
		0.002879845702825538

# Tue 15:08:38 29-Mar-2022
begin	identify iazcomp.0019 - Ap 19
	id	iazcomp.0019
	task	identify
	image	iazcomp.0019 - Ap 19
	aperture	19
	aplow	1229.09
	aphigh	1238.09
	units	Angstroms
	features	40
	         17.07 5050.78097  5050.7842   4.0 1 1 
	         44.80 5049.79676   5049.796   4.0 1 1 
	        121.74 5047.04429  5047.0434   4.0 1 1 
	        171.46 5045.24938  5045.2481   4.0 1 1 
	        185.99 5044.72223  5044.7195   4.0 1 1 
	        219.29 5043.51005  5043.5145   4.0 1 1 
	        271.42 5041.60073  5041.5998   4.0 1 1 
	        284.34 5041.12515  5041.1224   4.0 1 1 
	        335.53 5039.23271  5039.2303   4.0 1 1 
	        582.79 5029.89297  5029.8916   4.0 1 1 
	        605.79 5029.00767  5029.0119   4.0 1 1 
	        615.03 5028.65098  5028.6556   4.0 1 1 
	        741.86 5023.70986  5023.7084   4.0 1 1 
	        785.00 5022.00927  5022.0051   4.0 1 1 
	        804.13   5021.252  5021.2531   4.0 1 1 
	        821.99 5020.54304  5020.5458   4.0 1 1 
	        840.47  5019.8075  5019.8062   4.0 1 1 
	        884.42 5018.05157  5018.0535   4.0 1 1 
	        922.17  5016.5346  5016.5356   4.0 1 1 
	        938.09 5015.89263  5015.8893   4.0 1 1 
	       1046.69 5011.47659  5011.4774   4.0 1 1 
	       1072.61 5010.41295  5010.4174   4.0 1 1 
	       1098.75 5009.33698  5009.3344   4.0 1 1 
	       1126.58 5008.18694  5008.1897   4.0 1 1 
	       1236.63 5003.59904  5003.5981   4.0 1 1 
	       1272.28 5002.09876  5002.0972   4.0 1 1 
	       1316.02 5000.24889  5000.2463   4.0 1 1 
	       1323.28 4999.94086  4999.9398   4.0 1 1 
	       1467.68 4993.75518  4993.7488   4.0 1 1 
	       1505.31 4992.12486  4992.1257   4.0 1 1 
	       1569.93 4989.30825  4989.3086   4.0 1 1 
	       1609.82 4987.55826  4987.5582   4.0 1 1 
	       1619.19 4987.14608   4987.147   4.0 1 1 
	       1646.35 4985.94901  4985.9486   4.0 1 1 
	       1659.44 4985.37044  4985.3725   4.0 1 1 
	       1724.42 4982.48526  4982.4875   4.0 1 1 
	       1758.85 4980.94775  4980.9513   4.0 1 1 
	       1775.90 4980.18423  4980.1859   4.0 1 1 
	       1869.85  4975.9498  4975.9485   4.0 1 1 
	       1953.05 4972.16242  4972.1597   4.0 1 1 
	function chebyshev
	order 5
	sample *
	naverage 1
	niterate 2000
	low_reject 3.
	high_reject 3.
	grow 0.
	coefficients	9
		1.
		5.
		17.07126426696777
		1953.054809570312
		5012.727899122138
		-39.31312186973286
		-1.259343285388744
		0.003848122649312127
		0.003138402315080086

# Mon 11:35:00 30-Jan-2023
begin	identify iazcomp.0019 - Ap 19
	id	iazcomp.0019
	task	identify
	image	iazcomp.0019 - Ap 19
	aperture	19
	aplow	1229.09
	aphigh	1238.09
	units	Angstroms
	features	44
	         21.32 5050.78117  5050.7842   4.0 1 1 
	         49.07 5049.79636   5049.796   4.0 1 1 
	        126.03 5047.04342  5047.0434   4.0 1 1 
	        175.72 5045.24936  5045.2481   4.0 1 1 
	        190.25 5044.72239  5044.7195   4.0 1 1 
	        223.54 5043.51077  5043.5145   4.0 1 1 
	        275.78 5041.59723  5041.5998   4.0 1 1 
	        288.60  5041.1256  5041.1224   4.0 1 1 
	        300.53 5040.68574  5040.6805   4.0 1 1 
	        339.83 5039.23191  5039.2303   4.0 1 1 
	        587.14  5029.8918  5029.8916   4.0 1 1 
	        610.05 5029.00968  5029.0119   4.0 1 1 
	        619.38 5028.64976  5028.6556   4.0 1 1 
	        746.26  5023.7081  5023.7084   4.0 1 1 
	        789.36 5022.00957  5022.0051   4.0 1 1 
	        808.47 5021.25327  5021.2531   4.0 1 1 
	        826.42 5020.54129  5020.5458   4.0 1 1 
	        844.89 5019.80664  5019.8062   4.0 1 1 
	        888.86 5018.05017  5018.0535   4.0 1 1 
	        926.58 5016.53542  5016.5356   4.0 1 1 
	        942.50 5015.89344  5015.8893   4.0 1 1 
	       1051.14 5011.47734  5011.4774   4.0 1 1 
	       1077.04 5010.41532  5010.4174   4.0 1 1 
	       1103.24 5009.33684  5009.3344   4.0 1 1 
	       1131.09 5008.18667  5008.1897   4.0 1 1 
	       1241.19  5003.5986  5003.5981   4.0 1 1 
	       1276.83 5002.09915  5002.0972   4.0 1 1 
	       1320.57 5000.24975  5000.2463   4.0 1 1 
	       1327.85 4999.94118  4999.9398   4.0 1 1 
	       1464.26 4994.10239  4994.1058   4.0 1 1 
	       1472.30 4993.75512  4993.7488   4.0 1 1 
	       1498.24 4992.63233  4992.6372   4.0 1 1 
	       1509.89 4992.12664  4992.1257   4.0 1 1 
	       1574.53 4989.30963  4989.3086   4.0 1 1 
	       1614.42 4987.55972  4987.5582   4.0 1 1 
	       1623.78   4987.148   4987.147   4.0 1 1 
	       1650.98 4985.94897  4985.9486   4.0 1 1 
	       1664.04 4985.37178  4985.3725   4.0 1 1 
	       1729.04 4982.48566  4982.4875   4.0 1 1 
	       1763.46 4980.94822  4980.9513   4.0 1 1 
	       1780.50 4980.18468  4980.1859   4.0 1 1 
	       1874.49   4975.947  4975.9485   4.0 1 1 
	       1957.64 4972.15962  4972.1597   4.0 1 1 
	       2031.66 4968.75831  4968.7556   4.0 1 1 
	function chebyshev
	order 5
	sample *
	naverage 1
	niterate 2000
	low_reject 3.
	high_reject 3.
	grow 0.
	coefficients	9
		1.
		5.
		21.32275772094727
		2031.6591796875
		5011.124602301539
		-41.01364764822347
		-1.357618076299599
		0.002219646589781257
		0.002758034410476241

# Mon 13:57:07 06-Feb-2023
begin	identify iazcomp.0019 - Ap 19
	id	iazcomp.0019
	task	identify
	image	iazcomp.0019 - Ap 19
	aperture	19
	aplow	1229.09
	aphigh	1238.09
	units	Angstroms
	features	44
	         20.42 5050.78022  5050.7842   4.0 1 1 
	         48.14 5049.79618   5049.796   4.0 1 1 
	        125.08 5047.04412  5047.0434   4.0 1 1 
	        174.80 5045.24879  5045.2481   4.0 1 1 
	        189.31 5044.72244  5044.7195   4.0 1 1 
	        222.48 5043.51524  5043.5145   4.0 1 1 
	        274.80 5041.59869  5041.5998   4.0 1 1 
	        287.66  5041.1253  5041.1224   4.0 1 1 
	        299.44 5040.69092  5040.6805   4.0 1 0 
	        338.85 5039.23253  5039.2303   4.0 1 1 
	        586.10 5029.89226  5029.8916   4.0 1 1 
	        609.05 5029.00832  5029.0119   4.0 1 1 
	        618.35 5028.64979  5028.6556   4.0 1 1 
	        745.17  5023.7084  5023.7084   4.0 1 1 
	        788.24 5022.01049  5022.0051   4.0 1 1 
	        807.38 5021.25291  5021.2531   4.0 1 1 
	        825.31 5020.54094  5020.5458   4.0 1 1 
	        843.76 5019.80678  5019.8062   4.0 1 1 
	        887.72 5018.05024  5018.0535   4.0 1 1 
	        925.43 5016.53503  5016.5356   4.0 1 1 
	        941.34 5015.89363  5015.8893   4.0 1 1 
	       1049.95 5011.47674  5011.4774   4.0 1 1 
	       1075.85 5010.41423  5010.4174   4.0 1 1 
	       1102.03 5009.33662  5009.3344   4.0 1 1 
	       1129.82 5008.18827  5008.1897   4.0 1 1 
	       1239.89 5003.59946  5003.5981   4.0 1 1 
	       1275.53 5002.09987  5002.0972   4.0 1 1 
	       1319.29 5000.24923  5000.2463   4.0 1 1 
	       1326.51 4999.94283  4999.9398   4.0 1 1 
	       1462.90 4994.10325  4994.1058   4.0 1 1 
	       1470.98 4993.75414  4993.7488   4.0 1 1 
	       1496.91 4992.63147  4992.6372   4.0 1 1 
	       1508.55 4992.12627  4992.1257   4.0 1 1 
	       1573.19 4989.30851  4989.3086   4.0 1 1 
	       1613.07  4987.5586  4987.5582   4.0 1 1 
	       1622.43 4987.14701   4987.147   4.0 1 1 
	       1649.56 4985.95051  4985.9486   4.0 1 1 
	       1662.66 4985.37177  4985.3725   4.0 1 1 
	       1727.64 4982.48621  4982.4875   4.0 1 1 
	       1762.08 4980.94762  4980.9513   4.0 1 1 
	       1779.12 4980.18433  4980.1859   4.0 1 1 
	       1873.05 4975.94889  4975.9485   4.0 1 1 
	       1956.25 4972.15979  4972.1597   4.0 1 1 
	       2030.30  4968.7576  4968.7556   4.0 1 1 
	function chebyshev
	order 5
	sample *
	naverage 1
	niterate 2000
	low_reject 3.
	high_reject 3.
	grow 0.
	coefficients	9
		1.
		5.
		20.42019844055176
		2030.299438476562
		5011.122838002465
		-41.01530365842473
		-1.35678061331762
		0.003995520455922069
		0.002854365500918015

