# Tue 22:41:44 07-Sep-2021
begin	identify iazcomp.0022 - Ap 22
	id	iazcomp.0022
	task	identify
	image	iazcomp.0022 - Ap 22
	aperture	22
	aplow	1276.03
	aphigh	1285.65
	units	Angstroms
	features	30
	         16.87 5274.11752  5274.1188   4.0 1 1 
	         48.99 5272.92816   5272.927   4.0 1 1 
	        214.51  5266.7106  5266.7103   4.0 1 1 
	        386.14 5260.10359  5260.1041   4.0 1 1 
	        430.76 5258.35894  5258.3602   4.0 1 1 
	        529.38 5254.46346  5254.4648   4.0 1 1 
	        554.78  5253.4516  5253.4441   4.0 1 1 
	        698.62 5247.65089  5247.6547   4.0 1 1 
	        879.43 5240.19379  5240.1968   4.0 1 1 
	        912.49 5238.81042  5238.8137   4.0 1 1 
	       1023.64 5234.11344  5234.1069   4.0 1 1 
	       1092.75 5231.15776  5231.1597   4.0 1 1 
	       1142.97 5228.99338  5228.9951   4.0 1 1 
	       1160.70 5228.22561  5228.2246   4.0 1 1 
	       1327.24 5220.92813  5220.9263   4.0 1 1 
	       1368.18  5219.1107  5219.1099   4.0 1 1 
	       1381.26  5218.5279  5218.5271   4.0 1 1 
	       1496.49 5213.35281  5213.3492   4.0 1 1 
	       1543.28 5211.23024  5211.2305   4.0 1 1 
	       1576.33 5209.72367  5209.7246   4.0 1 1 
	       1618.40 5207.79749  5207.8015   4.0 1 1 
	       1675.81 5205.15285  5205.1522   4.0 1 1 
	       1704.09 5203.84336  5203.8479   4.0 1 1 
	       1743.53 5202.00984  5202.0087   4.0 1 1 
	       1804.38 5199.16418  5199.1637   4.0 1 1 
	       1812.12 5198.80101  5198.7999   4.0 1 1 
	       1875.52 5195.81215  5195.8136   4.0 1 1 
	       1904.13 5194.45605  5194.4576   4.0 1 1 
	       1917.28 5193.83144  5193.8256   4.0 1 1 
	       1979.36 5190.87015   5190.872   4.0 1 1 
	function chebyshev
	order 5
	sample *
	naverage 1
	niterate 2000
	low_reject 3.
	high_reject 3.
	grow 0.
	coefficients	9
		1.
		5.
		16.86868095397949
		1979.355346679687
		5233.843425123597
		-41.62561362704775
		-1.352325834286612
		0.001928048035882624
		0.002732108080878366

# Fri 10:56:16 11-Mar-2022
begin	identify iazcomp.0022 - Ap 22
	id	iazcomp.0022
	task	identify
	image	iazcomp.0022 - Ap 22
	aperture	22
	aplow	1276.03
	aphigh	1285.65
	units	Angstroms
	features	35
	         40.68  5272.6453  5272.6439   4.0 1 1 
	        198.95 5266.70579  5266.7103   4.0 1 1 
	        335.36 5261.47341   5261.472   4.0 1 1 
	        370.63 5260.10333  5260.1041   4.0 1 1 
	        415.26 5258.35968  5258.3602   4.0 1 1 
	        513.83   5254.469  5254.4648   4.0 1 1 
	        539.43 5253.44954  5253.4441   4.0 1 1 
	        603.77 5250.87098  5250.8727   4.0 1 1 
	        683.25 5247.65301  5247.6547   4.0 1 1 
	        864.14 5240.19615  5240.1968   4.0 1 1 
	        879.63 5239.54869   5239.552   4.0 1 1 
	        897.22 5238.81236  5238.8137   4.0 1 1 
	       1029.33 5233.22439  5233.2254   4.0 1 1 
	       1077.59 5231.15854  5231.1597   4.0 1 1 
	       1127.84 5228.99367  5228.9951   4.0 1 1 
	       1145.57 5228.22645  5228.2246   4.0 1 1 
	       1312.25 5220.92675  5220.9263   4.0 1 1 
	       1353.17 5219.11095  5219.1099   4.0 1 1 
	       1366.26 5218.52796  5218.5271   4.0 1 1 
	       1409.40 5216.60027  5216.5966   4.0 1 1 
	       1481.56 5213.35298  5213.3492   4.0 1 1 
	       1528.38 5211.23017  5211.2305   4.0 1 1 
	       1561.43 5209.72432  5209.7246   4.0 1 1 
	       1603.52 5207.79823  5207.8015   4.0 1 1 
	       1660.98 5205.15287  5205.1522   4.0 1 1 
	       1689.28 5203.84314  5203.8479   4.0 1 1 
	       1728.71 5202.01103  5202.0087   4.0 1 1 
	       1789.62 5199.16402  5199.1637   4.0 1 1 
	       1797.36 5198.80117  5198.7999   4.0 1 1 
	       1830.67 5197.23426   5197.236   4.0 1 1 
	       1860.80 5195.81175  5195.8136   4.0 1 1 
	       1889.43 5194.45551  5194.4576   4.0 1 1 
	       1902.62 5193.82901  5193.8256   4.0 1 1 
	       1964.67 5190.87017   5190.872   4.0 1 1 
	       2029.67 5187.74837  5187.7462   4.0 1 1 
	function chebyshev
	order 5
	sample *
	naverage 1
	niterate 2000
	low_reject 3.
	high_reject 3.
	grow 0.
	coefficients	9
		1.
		5.
		40.68109130859375
		2029.665649414063
		5231.584260686811
		-42.45328005714976
		-1.389113617557781
		0.004813222681736077
		0.001685234256523847

# Tue 15:08:41 29-Mar-2022
begin	identify iazcomp.0022 - Ap 22
	id	iazcomp.0022
	task	identify
	image	iazcomp.0022 - Ap 22
	aperture	22
	aplow	1276.03
	aphigh	1285.65
	units	Angstroms
	features	35
	         41.53 5272.64406  5272.6439   4.0 1 1 
	        199.62 5266.70804  5266.7103   4.0 1 1 
	        336.03 5261.47365   5261.472   4.0 1 1 
	        371.31 5260.10309  5260.1041   4.0 1 1 
	        415.92 5258.35974  5258.3602   4.0 1 1 
	        514.50 5254.46781  5254.4648   4.0 1 1 
	        540.06 5253.44995  5253.4441   4.0 1 1 
	        604.39 5250.87135  5250.8727   4.0 1 1 
	        683.88 5247.65256  5247.6547   4.0 1 1 
	        864.75 5240.19562  5240.1968   4.0 1 1 
	        880.25 5239.54794   5239.552   4.0 1 1 
	        897.84 5238.81157  5238.8137   4.0 1 1 
	       1029.93 5233.22386  5233.2254   4.0 1 1 
	       1078.18 5231.15837  5231.1597   4.0 1 1 
	       1128.38 5228.99548  5228.9951   4.0 1 1 
	       1146.14 5228.22674  5228.2246   4.0 1 1 
	       1312.78 5220.92796  5220.9263   4.0 1 1 
	       1353.72 5219.11138  5219.1099   4.0 1 1 
	       1366.81 5218.52854  5218.5271   4.0 1 1 
	       1409.95 5216.60069  5216.5966   4.0 1 1 
	       1482.12 5213.35234  5213.3492   4.0 1 1 
	       1528.92 5211.23018  5211.2305   4.0 1 1 
	       1561.99  5209.7237  5209.7246   4.0 1 1 
	       1604.07 5207.79765  5207.8015   4.0 1 1 
	       1661.52 5205.15253  5205.1522   4.0 1 1 
	       1689.83  5203.8426  5203.8479   4.0 1 1 
	       1729.25  5202.0111  5202.0087   4.0 1 1 
	       1790.17 5199.16359  5199.1637   4.0 1 1 
	       1797.88 5198.80193  5198.7999   4.0 1 1 
	       1831.22 5197.23368   5197.236   4.0 1 1 
	       1861.34  5195.8118  5195.8136   4.0 1 1 
	       1889.97 5194.45612  5194.4576   4.0 1 1 
	       1903.18 5193.82875  5193.8256   4.0 1 1 
	       1965.23 5190.87004   5190.872   4.0 1 1 
	       2030.24 5187.74876  5187.7462   4.0 1 1 
	function chebyshev
	order 5
	sample *
	naverage 1
	niterate 2000
	low_reject 3.
	high_reject 3.
	grow 0.
	coefficients	9
		1.
		5.
		41.53160095214844
		2030.235717773437
		5231.580759651072
		-42.45234288866273
		-1.386652844622181
		0.004692659955121376
		0.002306062594107126

# Mon 11:36:26 30-Jan-2023
begin	identify iazcomp.0022 - Ap 22
	id	iazcomp.0022
	task	identify
	image	iazcomp.0022 - Ap 22
	aperture	22
	aplow	1276.03
	aphigh	1285.65
	units	Angstroms
	features	31
	         38.37 5272.64444  5272.6439   4.0 1 1 
	        544.45 5253.44037  5253.4441   4.0 1 1 
	        608.77 5250.87025  5250.8727   4.0 1 1 
	        688.25 5247.65752  5247.6547   4.0 1 1 
	        869.19 5240.19995  5240.1968   4.0 1 1 
	        884.67 5239.55292   5239.552   4.0 1 1 
	        902.26 5238.81604  5238.8137   4.0 1 1 
	       1013.52 5234.11387  5234.1069   4.0 1 1 
	       1034.40 5233.22368  5233.2254   4.0 1 1 
	       1082.66 5231.15684  5231.1597   4.0 1 1 
	       1132.91 5228.99115  5228.9951   4.0 1 1 
	       1150.65  5228.2231  5228.2246   4.0 1 1 
	       1309.39 5221.27466   5221.271   4.0 1 1 
	       1317.35 5220.92259  5220.9263   4.0 1 1 
	       1322.14 5220.71059  5220.7068   4.0 1 1 
	       1358.30 5219.10602  5219.1099   4.0 1 1 
	       1371.39 5218.52355  5218.5271   4.0 1 1 
	       1414.55 5216.59598  5216.5966   4.0 1 1 
	       1486.70 5213.35068  5213.3492   4.0 1 1 
	       1533.52 5211.22963  5211.2305   4.0 1 1 
	       1566.58  5209.7245  5209.7246   4.0 1 1 
	       1608.67 5207.79921  5207.8015   4.0 1 1 
	       1666.14 5205.15469  5205.1522   4.0 1 1 
	       1694.42 5203.84658  5203.8479   4.0 1 1 
	       1733.88 5202.01331  5202.0087   4.0 1 1 
	       1794.78 5199.16634  5199.1637   4.0 1 1 
	       1802.49 5198.80415  5198.7999   4.0 1 1 
	       1835.82 5197.23508   5197.236   4.0 1 1 
	       1865.95 5195.81094  5195.8136   4.0 1 1 
	       1894.56 5194.45368  5194.4576   4.0 1 1 
	       1907.76 5193.82601  5193.8256   4.0 1 1 
	function chebyshev
	order 5
	sample *
	naverage 1
	niterate 2000
	low_reject 3.
	high_reject 3.
	grow 0.
	coefficients	9
		1.
		5.
		38.37337493896484
		1907.758056640625
		5234.548800766164
		-39.45254119595713
		-1.298281287042186
		0.04332856082788326
		-0.01529706690441461

# Mon 13:57:12 06-Feb-2023
begin	identify iazcomp.0022 - Ap 22
	id	iazcomp.0022
	task	identify
	image	iazcomp.0022 - Ap 22
	aperture	22
	aplow	1276.03
	aphigh	1285.65
	units	Angstroms
	features	31
	         37.47 5272.64427  5272.6439   4.0 1 1 
	        543.39 5253.44161  5253.4441   4.0 1 1 
	        607.70 5250.87082  5250.8727   4.0 1 1 
	        687.19 5247.65676  5247.6547   4.0 1 1 
	        868.04 5240.19995  5240.1968   4.0 1 1 
	        883.55 5239.55142   5239.552   4.0 1 1 
	        901.12 5238.81509  5238.8137   4.0 1 1 
	       1012.29 5234.11548  5234.1069   4.0 1 1 
	       1033.22  5233.2228  5233.2254   4.0 1 1 
	       1081.45 5231.15628  5231.1597   4.0 1 1 
	       1131.68 5228.99062  5228.9951   4.0 1 1 
	       1149.41 5228.22293  5228.2246   4.0 1 1 
	       1308.08 5221.27514   5221.271   4.0 1 1 
	       1316.04 5220.92308  5220.9263   4.0 1 1 
	       1320.80 5220.71259  5220.7068   4.0 1 1 
	       1356.99  5219.1063  5219.1099   4.0 1 1 
	       1370.06 5218.52421  5218.5271   4.0 1 1 
	       1413.22 5216.59624  5216.5966   4.0 1 1 
	       1485.35 5213.35115  5213.3492   4.0 1 1 
	       1532.17 5211.22919  5211.2305   4.0 1 1 
	       1565.23 5209.72389  5209.7246   4.0 1 1 
	       1607.35 5207.79707  5207.8015   4.0 1 1 
	       1664.75 5205.15518  5205.1522   4.0 1 1 
	       1693.03 5203.84678  5203.8479   4.0 1 1 
	       1732.49 5202.01338  5202.0087   4.0 1 1 
	       1793.39 5199.16621  5199.1637   4.0 1 1 
	       1801.11 5198.80349  5198.7999   4.0 1 1 
	       1834.44 5197.23433   5197.236   4.0 1 1 
	       1864.55 5195.81145  5195.8136   4.0 1 1 
	       1893.18 5194.45292  5194.4576   4.0 1 1 
	       1906.33 5193.82767  5193.8256   4.0 1 1 
	function chebyshev
	order 5
	sample *
	naverage 1
	niterate 2000
	low_reject 3.
	high_reject 3.
	grow 0.
	coefficients	9
		1.
		5.
		37.46702575683594
		1906.327758789062
		5234.548772496772
		-39.45266857384664
		-1.297586484451246
		0.04436914201709875
		-0.01521943726885162

