# Tue 22:47:40 07-Sep-2021
begin	identify iazcomp.0045 - Ap 45
	id	iazcomp.0045
	task	identify
	image	iazcomp.0045 - Ap 45
	aperture	45
	aplow	1561.76
	aphigh	1568.93
	units	Angstroms
	features	13
	        234.50 7956.97449   7956.974   4.0 1 1 
	        275.69 7954.59084  7954.5923   4.0 1 1 
	        493.88 7941.72446  7941.7259   4.0 1 1 
	        560.15 7937.73676  7937.7335   4.0 1 1 
	        904.08 7916.44376   7916.442   4.0 1 1 
	       1154.39 7900.31738    7900.32   4.0 1 1 
	       1294.27 7891.07469   7891.075   4.0 1 1 
	       1365.86  7886.2799   7886.283   4.0 1 1 
	       1662.18 7865.97164  7865.9698   4.0 1 1 
	       1690.06  7864.0223  7864.0218   4.0 1 1 
	       1720.13 7861.91288    7861.91   4.0 1 1 
	       1922.18 7847.53976  7847.5394   4.0 1 1 
	       1995.15 7842.26344  7842.2656   4.0 1 1 
	function chebyshev
	order 4
	sample *
	naverage 1
	niterate 2000
	low_reject 3.
	high_reject 3.
	grow 0.
	coefficients	8
		1.
		4.
		234.5041351318359
		1995.150268554688
		7901.260324389606
		-57.35511074072686
		-1.641359221264653
		-4.182871848252959E-4

# Fri 11:12:57 11-Mar-2022
begin	identify iazcomp.0045 - Ap 45
	id	iazcomp.0045
	task	identify
	image	iazcomp.0045 - Ap 45
	aperture	45
	aplow	1561.76
	aphigh	1568.93
	units	Angstroms
	features	16
	        218.15 7956.97769   7956.974   4.0 1 1 
	        259.47 7954.58682  7954.5923   4.0 1 1 
	        477.65 7941.72544  7941.7259   4.0 1 1 
	        544.01 7937.73419  7937.7335   4.0 1 1 
	        739.59 7925.75374  7925.7478   4.0 1 1 
	        888.08 7916.44239   7916.442   4.0 1 1 
	       1138.54 7900.31454    7900.32   4.0 1 1 
	       1240.21 7893.61664  7893.6191   4.0 1 1 
	       1278.45  7891.0749   7891.075   4.0 1 1 
	       1350.09 7886.27918   7886.283   4.0 1 1 
	       1509.28 7875.46832  7875.4626   4.0 1 1 
	       1646.58 7865.97142  7865.9698   4.0 1 1 
	       1674.48 7864.02171  7864.0218   4.0 1 1 
	       1704.57 7861.91201    7861.91   4.0 1 1 
	       1906.72 7847.53926  7847.5394   4.0 1 1 
	       1979.73 7842.26357  7842.2656   4.0 1 1 
	function chebyshev
	order 4
	sample *
	naverage 1
	niterate 2000
	low_reject 3.
	high_reject 3.
	grow 0.
	coefficients	8
		1.
		4.
		218.1481323242188
		1979.725952148437
		7901.260447847578
		-57.3561753180814
		-1.639821163799519
		-8.834339544319271E-4

# Tue 15:32:40 29-Mar-2022
begin	identify iazcomp.0045 - Ap 45
	id	iazcomp.0045
	task	identify
	image	iazcomp.0045 - Ap 45
	aperture	45
	aplow	1561.76
	aphigh	1568.93
	units	Angstroms
	features	16
	        218.91 7956.97352   7956.974   4.0 1 1 
	        260.06 7954.59204  7954.5923   4.0 1 1 
	        478.33 7941.72241  7941.7259   4.0 1 1 
	        544.64  7937.7334  7937.7335   4.0 1 1 
	        740.07 7925.76128  7925.7478   4.0 1 1 
	        888.73  7916.4396   7916.442   4.0 1 1 
	       1139.15 7900.31455    7900.32   4.0 1 1 
	       1240.91 7893.61006  7893.6191   4.0 1 1 
	       1279.05 7891.07539   7891.075   4.0 1 1 
	       1350.68 7886.28031   7886.283   4.0 1 1 
	       1509.86 7875.46944  7875.4626   4.0 1 1 
	       1647.17 7865.97192  7865.9698   4.0 1 1 
	       1675.05 7864.02354  7864.0218   4.0 1 1 
	       1705.15  7861.9129    7861.91   4.0 1 1 
	       1907.28 7847.53957  7847.5394   4.0 1 1 
	       1980.30 7842.26187  7842.2656   4.0 1 1 
	function chebyshev
	order 4
	sample *
	naverage 1
	niterate 2000
	low_reject 3.
	high_reject 3.
	grow 0.
	coefficients	8
		1.
		4.
		218.9114227294922
		1980.30322265625
		7901.256738590601
		-57.35359723827878
		-1.63904240881658
		-0.002229086353873556

# Mon 11:44:56 30-Jan-2023
begin	identify iazcomp.0045 - Ap 45
	id	iazcomp.0045
	task	identify
	image	iazcomp.0045 - Ap 45
	aperture	45
	aplow	1561.76
	aphigh	1568.93
	units	Angstroms
	features	18
	        223.24 7956.97601   7956.974   4.0 1 1 
	        264.49 7954.58901  7954.5923   4.0 1 1 
	        482.67 7941.72549  7941.7259   4.0 1 1 
	        549.05 7937.73289  7937.7335   4.0 1 1 
	        744.60 7925.75409  7925.7478   4.0 1 1 
	        893.09 7916.44349   7916.442   4.0 1 1 
	       1143.56 7900.31696    7900.32   4.0 1 1 
	       1154.24 7899.61772  7899.6229   4.0 1 1 
	       1283.52 7891.07504   7891.075   4.0 1 1 
	       1355.14 7886.28177   7886.283   4.0 1 1 
	       1514.41 7875.46642  7875.4626   4.0 1 1 
	       1555.75 7872.62412  7872.6316   4.0 1 1 
	       1651.68 7865.97272  7865.9698   4.0 1 1 
	       1679.57 7864.02432  7864.0218   4.0 1 1 
	       1709.65 7861.91525    7861.91   4.0 1 1 
	       1911.87 7847.53945  7847.5394   4.0 1 1 
	       1984.87 7842.26401  7842.2656   4.0 1 1 
	       1991.41 7841.78954  7841.7911   4.0 1 1 
	function chebyshev
	order 4
	sample *
	naverage 1
	niterate 2000
	low_reject 3.
	high_reject 3.
	grow 0.
	coefficients	8
		1.
		4.
		223.2430114746093
		1991.406372070313
		7901.032833691628
		-57.59132998877011
		-1.650057434584745
		-0.00190637803347036

# Mon 13:58:17 06-Feb-2023
begin	identify iazcomp.0045 - Ap 45
	id	iazcomp.0045
	task	identify
	image	iazcomp.0045 - Ap 45
	aperture	45
	aplow	1561.76
	aphigh	1568.93
	units	Angstroms
	features	18
	        222.34 7956.97523   7956.974   4.0 1 1 
	        263.58 7954.58818  7954.5923   4.0 1 1 
	        481.71 7941.72625  7941.7259   4.0 1 1 
	        547.99 7937.73848  7937.7335   4.0 1 1 
	        743.68  7925.7488  7925.7478   4.0 1 1 
	        892.04 7916.44283   7916.442   4.0 1 1 
	       1142.42 7900.31687    7900.32   4.0 1 1 
	       1153.09 7899.61833  7899.6229   4.0 1 1 
	       1282.34 7891.07497   7891.075   4.0 1 1 
	       1353.95 7886.28039   7886.283   4.0 1 1 
	       1513.17 7875.46574  7875.4626   4.0 1 1 
	       1554.58 7872.61803  7872.6316   4.0 1 0 
	       1650.41 7865.97174  7865.9698   4.0 1 1 
	       1678.30 7864.02316  7864.0218   4.0 1 1 
	       1708.40 7861.91223    7861.91   4.0 1 1 
	       1910.53 7847.53973  7847.5394   4.0 1 1 
	       1983.54 7842.26419  7842.2656   4.0 1 1 
	       1990.07 7841.78956  7841.7911   4.0 1 1 
	function chebyshev
	order 4
	sample *
	naverage 1
	niterate 2000
	low_reject 3.
	high_reject 3.
	grow 0.
	coefficients	8
		1.
		4.
		222.3352203369141
		1990.072387695313
		7901.032372968481
		-57.59233216640259
		-1.649976923691264
		-4.994000209933964E-4

