# Tue 22:33:17 07-Sep-2021
begin	identify iazcomp.0005 - Ap 5
	id	iazcomp.0005
	task	identify
	image	iazcomp.0005 - Ap 5
	aperture	5
	aplow	968.06
	aphigh	975.85
	units	Angstroms
	features	35
	         46.75 4218.66241  4218.6649   4.0 1 1 
	         88.09 4217.43152  4217.4308   4.0 1 1 
	        123.59 4216.36855  4216.3722   4.0 1 1 
	        133.41 4216.07377  4216.0698   4.0 1 1 
	        174.62 4214.83157  4214.8285   4.0 1 1 
	        232.66 4213.06938  4213.0673   4.0 1 1 
	        302.67 4210.92486  4210.9232   4.0 1 1 
	        358.81 4209.18948  4209.1964   4.0 1 1 
	        368.53 4208.88761  4208.8907   4.0 1 1 
	        383.75 4208.41419  4208.4108   4.0 1 1 
	        409.44 4207.61259  4207.6122   4.0 1 1 
	        628.04 4200.67375  4200.6745   4.0 1 1 
	        700.82 4198.31633   4198.317   4.0 1 1 
	        803.92 4194.93568  4194.9318   4.0 1 1 
	        861.81 4193.01677  4193.0164   4.0 1 1 
	        881.44 4192.36236   4192.362   4.0 1 1 
	        921.27  4191.0298  4191.0294   4.0 1 1 
	        930.71 4190.71268  4190.7129   4.0 1 1 
	       1036.36 4187.13834   4187.141   4.0 1 1 
	       1094.70 4185.14305  4185.1447   4.0 1 1 
	       1123.92 4184.13772  4184.1376   4.0 1 1 
	       1189.03 4181.88417  4181.8836   4.0 1 1 
	       1244.21 4179.95916  4179.9601   4.0 1 1 
	       1275.84 4178.84973  4178.8481   4.0 1 1 
	       1298.29  4178.0594  4178.0597   4.0 1 1 
	       1400.35  4174.4382  4174.4396   4.0 1 1 
	       1450.89 4172.62797  4172.6257   4.0 1 1 
	       1486.50 4171.34553   4171.341   4.0 1 1 
	       1509.08 4170.52938  4170.5333   4.0 1 1 
	       1561.28 4168.63424  4168.6341   4.0 1 1 
	       1639.69 4165.76507  4165.7661   4.0 1 1 
	       1682.66 4164.18116  4164.1795   4.0 1 1 
	       1832.69  4158.5886  4158.5905   4.0 1 1 
	       1887.71 4156.51358  4156.5166   4.0 1 1 
	       1934.89 4154.72391  4154.7205   4.0 1 1 
	function chebyshev
	order 5
	sample *
	naverage 1
	niterate 2000
	low_reject 3.
	high_reject 3.
	grow 0.
	coefficients	9
		1.
		5.
		46.74795532226563
		1934.887084960938
		4187.686434895618
		-31.96970735434513
		-0.9961343667006756
		4.604640397308356E-4
		0.002859428432215811

# Fri 10:43:18 11-Mar-2022
begin	identify iazcomp.0005 - Ap 5
	id	iazcomp.0005
	task	identify
	image	iazcomp.0005 - Ap 5
	aperture	5
	aplow	968.06
	aphigh	975.85
	units	Angstroms
	features	37
	         31.74  4218.6643  4218.6649   4.0 1 1 
	         73.22 4217.43043  4217.4308   4.0 1 1 
	        108.50 4216.37475  4216.3722   4.0 1 1 
	        133.53  4215.6229  4215.6272   4.0 1 1 
	        159.83 4214.82962  4214.8285   4.0 1 1 
	        217.80 4213.07063  4213.0673   4.0 1 1 
	        287.87 4210.92491  4210.9232   4.0 1 1 
	        343.76 4209.19787  4209.1964   4.0 1 1 
	        353.78 4208.88674  4208.8907   4.0 1 1 
	        369.00 4208.41348  4208.4108   4.0 1 1 
	        394.83 4207.60781  4207.6122   4.0 1 1 
	        613.35 4200.67375  4200.6745   4.0 1 1 
	        686.16 4198.31597   4198.317   4.0 1 1 
	        789.32 4194.93496  4194.9318   4.0 1 1 
	        847.21 4193.01672  4193.0164   4.0 1 1 
	        866.90 4192.36079   4192.362   4.0 1 1 
	        906.72 4191.02918  4191.0294   4.0 1 1 
	        916.15  4190.7128  4190.7129   4.0 1 1 
	       1021.71 4187.14369   4187.141   4.0 1 1 
	       1080.19 4185.14472  4185.1447   4.0 1 1 
	       1109.51 4184.13708  4184.1376   4.0 1 1 
	       1174.64 4181.88438  4181.8836   4.0 1 1 
	       1229.88 4179.95866  4179.9601   4.0 1 1 
	       1261.51 4178.84991  4178.8481   4.0 1 1 
	       1275.37 4178.36272  4178.3658   4.0 1 1 
	       1283.94 4178.06105  4178.0597   4.0 1 1 
	       1386.17 4174.43692  4174.4396   4.0 1 1 
	       1494.89 4170.53121  4170.5333   4.0 1 1 
	       1547.11 4168.63699  4168.6341   4.0 1 1 
	       1625.57 4165.76766  4165.7661   4.0 1 1 
	       1668.59  4164.1829  4164.1795   4.0 1 1 
	       1675.00 4163.94599  4163.9479   4.0 1 1 
	       1713.84 4162.50715   4162.509   4.0 1 1 
	       1818.71 4158.58943  4158.5905   4.0 1 1 
	       1873.72 4156.51512  4156.5166   4.0 1 1 
	       1920.94 4154.72387  4154.7205   4.0 1 1 
	       2014.56 4151.14414  4151.1453   4.0 1 1 
	function chebyshev
	order 5
	sample *
	naverage 1
	niterate 2000
	low_reject 3.
	high_reject 3.
	grow 0.
	coefficients	9
		1.
		5.
		31.74147605895996
		2014.562622070312
		4185.997487447927
		-33.76055512969408
		-1.09515603836861
		4.777569412857333E-4
		0.001889937389268866

# Tue 15:05:06 29-Mar-2022
begin	identify iazcomp.0005 - Ap 5
	id	iazcomp.0005
	task	identify
	image	iazcomp.0005 - Ap 5
	aperture	5
	aplow	968.06
	aphigh	975.85
	units	Angstroms
	features	36
	         32.58 4218.66284  4218.6649   4.0 1 1 
	         73.93 4217.43201  4217.4308   4.0 1 1 
	        109.40 4216.37044  4216.3722   4.0 1 1 
	        134.11 4215.62772  4215.6272   4.0 1 1 
	        160.54 4214.83033  4214.8285   4.0 1 1 
	        218.57 4213.06895  4213.0673   4.0 1 1 
	        288.54 4210.92564  4210.9232   4.0 1 1 
	        344.51 4209.19591  4209.1964   4.0 1 1 
	        354.47  4208.8865  4208.8907   4.0 1 1 
	        369.70 4208.41296  4208.4108   4.0 1 1 
	        395.39  4207.6116  4207.6122   4.0 1 1 
	        614.02 4200.67334  4200.6745   4.0 1 1 
	        686.84 4198.31537   4198.317   4.0 1 1 
	        789.97 4194.93526  4194.9318   4.0 1 1 
	        847.90 4193.01584  4193.0164   4.0 1 1 
	        867.55 4192.36106   4192.362   4.0 1 1 
	        907.37 4191.02952  4191.0294   4.0 1 1 
	        916.81 4190.71276  4190.7129   4.0 1 1 
	       1022.46 4187.14064   4187.141   4.0 1 1 
	       1080.93 4185.14201  4185.1447   4.0 1 1 
	       1110.10 4184.13926  4184.1376   4.0 1 1 
	       1175.26 4181.88543  4181.8836   4.0 1 1 
	       1230.58 4179.95695  4179.9601   4.0 1 1 
	       1262.10 4178.85172  4178.8481   4.0 1 1 
	       1275.98 4178.36391  4178.3658   4.0 1 1 
	       1284.59  4178.0609  4178.0597   4.0 1 1 
	       1386.72 4174.43966  4174.4396   4.0 1 1 
	       1495.48 4170.53214  4170.5333   4.0 1 1 
	       1547.75 4168.63533  4168.6341   4.0 1 1 
	       1626.15 4165.76781  4165.7661   4.0 1 1 
	       1669.17 4164.18263  4164.1795   4.0 1 1 
	       1714.44 4162.50579   4162.509   4.0 1 1 
	       1819.25 4158.58904  4158.5905   4.0 1 1 
	       1874.28 4156.51352  4156.5166   4.0 1 1 
	       1921.50 4154.72156  4154.7205   4.0 1 1 
	       2014.96 4151.14697  4151.1453   4.0 1 1 
	function chebyshev
	order 5
	sample *
	naverage 1
	niterate 2000
	low_reject 3.
	high_reject 3.
	grow 0.
	coefficients	9
		1.
		5.
		32.5787239074707
		2014.961791992188
		4185.998246918442
		-33.75727789334804
		-1.095494559935275
		-6.588460975821391E-4
		0.002150965622635399

# Mon 11:32:03 30-Jan-2023
begin	identify iazcomp.0005 - Ap 5
	id	iazcomp.0005
	task	identify
	image	iazcomp.0005 - Ap 5
	aperture	5
	aplow	968.06
	aphigh	975.85
	units	Angstroms
	features	33
	         36.61  4218.6647  4218.6649   4.0 1 1 
	         78.03 4217.43149  4217.4308   4.0 1 1 
	        113.44 4216.37145  4216.3722   4.0 1 1 
	        164.68 4214.82824  4214.8285   4.0 1 1 
	        222.66 4213.06848  4213.0673   4.0 1 1 
	        292.71 4210.92322  4210.9232   4.0 1 1 
	        348.67 4209.19401  4209.1964   4.0 1 1 
	        358.62 4208.88524  4208.8907   4.0 1 1 
	        373.71 4208.41581  4208.4108   4.0 1 1 
	        399.36 4207.61605  4207.6122   4.0 1 1 
	        618.23 4200.67204  4200.6745   4.0 1 1 
	        691.04 4198.31491   4198.317   4.0 1 1 
	        794.21 4194.93463  4194.9318   4.0 1 1 
	        852.12 4193.01596  4193.0164   4.0 1 1 
	        871.78 4192.36124   4192.362   4.0 1 1 
	        911.60 4191.02988  4191.0294   4.0 1 1 
	        921.04 4190.71311  4190.7129   4.0 1 1 
	       1026.67 4187.14232   4187.141   4.0 1 1 
	       1085.09 4185.14568  4185.1447   4.0 1 1 
	       1114.36 4184.13963  4184.1376   4.0 1 1 
	       1179.57 4181.88418  4181.8836   4.0 1 1 
	       1234.89 4179.95599  4179.9601   4.0 1 1 
	       1266.45 4178.84975  4178.8481   4.0 1 1 
	       1280.38 4178.36022  4178.3658   4.0 1 1 
	       1288.89 4178.06053  4178.0597   4.0 1 1 
	       1390.94 4174.44291  4174.4396   4.0 1 1 
	       1499.86 4170.53048  4170.5333   4.0 1 1 
	       1552.12 4168.63474  4168.6341   4.0 1 1 
	       1630.56 4165.76669  4165.7661   4.0 1 1 
	       1673.58  4164.1825  4164.1795   4.0 1 1 
	       1823.76  4158.5889  4158.5905   4.0 1 1 
	       1878.80 4156.51455  4156.5166   4.0 1 1 
	       1926.09 4154.72228  4154.7205   4.0 1 1 
	function chebyshev
	order 5
	sample *
	naverage 1
	niterate 2000
	low_reject 3.
	high_reject 3.
	grow 0.
	coefficients	9
		1.
		5.
		36.60852813720703
		1926.0869140625
		4187.68421040071
		-31.97090899451285
		-0.9935260333445171
		-2.997889789377716E-4
		0.002802078023752292

# Mon 13:56:37 06-Feb-2023
begin	identify iazcomp.0005 - Ap 5
	id	iazcomp.0005
	task	identify
	image	iazcomp.0005 - Ap 5
	aperture	5
	aplow	968.06
	aphigh	975.85
	units	Angstroms
	features	33
	         35.93 4218.66202  4218.6649   4.0 1 1 
	         77.23 4217.43203  4217.4308   4.0 1 1 
	        112.57 4216.37381  4216.3722   4.0 1 1 
	        163.86 4214.82857  4214.8285   4.0 1 1 
	        221.77  4213.0705  4213.0673   4.0 1 1 
	        291.86  4210.9233  4210.9232   4.0 1 1 
	        347.73 4209.19635  4209.1964   4.0 1 1 
	        357.69 4208.88697  4208.8907   4.0 1 1 
	        372.99 4208.41124  4208.4108   4.0 1 1 
	        398.92 4207.60217  4207.6122   4.0 1 0 
	        617.28 4200.67251  4200.6745   4.0 1 1 
	        690.09 4198.31489   4198.317   4.0 1 1 
	        793.20 4194.93576  4194.9318   4.0 1 1 
	        851.13 4193.01622  4193.0164   4.0 1 1 
	        870.78 4192.36164   4192.362   4.0 1 1 
	        910.60 4191.02996  4191.0294   4.0 1 1 
	        920.04 4190.71306  4190.7129   4.0 1 1 
	       1025.69 4187.14067   4187.141   4.0 1 1 
	       1084.01 4185.14693  4185.1447   4.0 1 1 
	       1113.33 4184.13888  4184.1376   4.0 1 1 
	       1178.47 4181.88533  4181.8836   4.0 1 1 
	       1233.75 4179.95824  4179.9601   4.0 1 1 
	       1265.31 4178.85177  4178.8481   4.0 1 1 
	       1279.32 4178.35909  4178.3658   4.0 1 1 
	       1287.79 4178.06069  4178.0597   4.0 1 1 
	       1390.01 4174.43602  4174.4396   4.0 1 1 
	       1498.66  4170.5317  4170.5333   4.0 1 1 
	       1550.92 4168.63535  4168.6341   4.0 1 1 
	       1629.32 4165.76761  4165.7661   4.0 1 1 
	       1672.33 4164.18301  4164.1795   4.0 1 1 
	       1822.44 4158.58896  4158.5905   4.0 1 1 
	       1877.45 4156.51469  4156.5166   4.0 1 1 
	       1924.72 4154.72182  4154.7205   4.0 1 1 
	function chebyshev
	order 5
	sample *
	naverage 1
	niterate 2000
	low_reject 3.
	high_reject 3.
	grow 0.
	coefficients	9
		1.
		5.
		35.93296432495117
		1924.7236328125
		4187.683547104011
		-31.96901139427634
		-0.9943533081067029
		-0.001089027833033472
		0.002723747692778014

