# Tue 22:42:51 07-Sep-2021
begin	identify iazcomp.0025 - Ap 25
	id	iazcomp.0025
	task	identify
	image	iazcomp.0025 - Ap 25
	aperture	25
	aplow	1320.23
	aphigh	1329.96
	units	Angstroms
	features	37
	        208.14 5509.99012  5509.9938   4.0 1 1 
	        244.09 5508.55836  5508.5585   4.0 1 1 
	        269.48 5507.54276  5507.5385   4.0 1 1 
	        285.04 5506.91861  5506.9196   4.0 1 1 
	        304.97  5506.1169  5506.1128   4.0 1 1 
	        349.86 5504.30252  5504.3018   4.0 1 1 
	        407.87 5501.94027  5501.9439   4.0 1 1 
	        423.96 5501.28143  5501.2814   4.0 1 1 
	        463.76 5499.64548  5499.6478   4.0 1 1 
	        473.24 5499.25464  5499.2554   4.0 1 1 
	        499.06 5498.18653  5498.1841   4.0 1 1 
	        591.55 5494.32957  5494.3306   4.0 1 1 
	        618.35 5493.20225   5493.204   4.0 1 1 
	        631.63 5492.64197  5492.6435   4.0 1 1 
	        691.01 5490.12482  5490.1194   4.0 1 1 
	        830.12  5484.1457  5484.1467   4.0 1 1 
	        946.03 5479.07562  5479.0751   4.0 1 1 
	       1132.33 5470.76013  5470.7591   4.0 1 1 
	       1211.43  5467.1678  5467.1704   4.0 1 1 
	       1275.99 5464.20776  5464.2055   4.0 1 1 
	       1310.61 5462.61092  5462.6129   4.0 1 1 
	       1329.57 5461.73278  5461.7358   4.0 1 1 
	       1388.95 5458.97068  5458.9676   4.0 1 1 
	       1470.41 5455.14719  5455.1524   4.0 1 1 
	       1532.21  5452.2208  5452.2187   4.0 1 1 
	       1544.10 5451.65509   5451.652   4.0 1 1 
	       1589.67  5449.4798  5449.4788   4.0 1 1 
	       1614.82 5448.27421  5448.2719   4.0 1 1 
	       1638.08 5447.15582  5447.1536   4.0 1 1 
	       1773.15 5440.60007  5440.6015   4.0 1 1 
	       1785.71 5439.98487  5439.9891   4.0 1 1 
	       1838.54 5437.38871  5437.3877   4.0 1 1 
	       1868.90 5435.88952  5435.8925   4.0 1 1 
	       1884.39 5435.12251  5435.1229   4.0 1 1 
	       1903.94 5434.15247  5434.1514   4.0 1 1 
	       1921.26 5433.29129  5433.2919   4.0 1 1 
	       1964.89 5431.11466   5431.112   4.0 1 1 
	function chebyshev
	order 5
	sample *
	naverage 1
	niterate 2000
	low_reject 3.
	high_reject 3.
	grow 0.
	coefficients	9
		1.
		5.
		208.1361694335938
		1964.891235351562
		5471.687003076719
		-39.44145321650524
		-1.135986841745851
		0.003721537737505704
		0.001371188246957381

# Fri 10:57:32 11-Mar-2022
begin	identify iazcomp.0025 - Ap 25
	id	iazcomp.0025
	task	identify
	image	iazcomp.0025 - Ap 25
	aperture	25
	aplow	1320.23
	aphigh	1329.96
	units	Angstroms
	features	43
	         68.54 5514.87211  5514.8731   4.0 1 1 
	        192.46 5509.99234  5509.9938   4.0 1 1 
	        228.42 5508.55994  5508.5585   4.0 1 1 
	        253.83 5507.54298  5507.5385   4.0 1 1 
	        269.43 5506.91718  5506.9196   4.0 1 1 
	        289.30 5506.11775  5506.1128   4.0 1 1 
	        334.25 5504.30138  5504.3018   4.0 1 1 
	        392.26 5501.93938  5501.9439   4.0 1 1 
	        408.38 5501.27971  5501.2814   4.0 1 1 
	        448.17 5499.64478  5499.6478   4.0 1 1 
	        457.63 5499.25447  5499.2554   4.0 1 1 
	        483.47 5498.18631  5498.1841   4.0 1 1 
	        539.06 5495.87503  5495.8738   4.0 1 1 
	        576.01 5494.32896  5494.3306   4.0 1 1 
	        602.81 5493.20252   5493.204   4.0 1 1 
	        616.11 5492.64192  5492.6435   4.0 1 1 
	        675.55 5490.12347  5490.1194   4.0 1 1 
	        710.52 5488.63204  5488.6287   4.0 1 1 
	        814.67 5484.14732  5484.1467   4.0 1 1 
	        930.65 5479.07751  5479.0751   4.0 1 1 
	        965.29 5477.54789  5477.5522   4.0 1 1 
	       1117.10 5470.76035  5470.7591   4.0 1 1 
	       1196.25 5467.16676  5467.1704   4.0 1 1 
	       1260.83 5464.20774  5464.2055   4.0 1 1 
	       1295.44 5462.61175  5462.6129   4.0 1 1 
	       1314.45 5461.73198  5461.7358   4.0 1 1 
	       1373.81 5458.97189  5458.9676   4.0 1 1 
	       1517.19 5452.21921  5452.2187   4.0 1 1 
	       1529.08 5451.65386   5451.652   4.0 1 1 
	       1574.69 5449.47771  5449.4788   4.0 1 1 
	       1599.90 5448.26971  5448.2719   4.0 1 1 
	       1623.12 5447.15416  5447.1536   4.0 1 1 
	       1694.76 5443.69153  5443.6893   4.0 1 1 
	       1724.35 5442.25311  5442.2477   4.0 1 1 
	       1758.28 5440.59767  5440.6015   4.0 1 1 
	       1770.79 5439.98561  5439.9891   4.0 1 1 
	       1808.39 5438.14068  5438.1374   4.0 1 1 
	       1823.69 5437.38723  5437.3877   4.0 1 1 
	       1854.05 5435.88944  5435.8925   4.0 1 1 
	       1869.58 5435.12115  5435.1229   4.0 1 1 
	       1889.14 5434.15137  5434.1514   4.0 1 1 
	       1906.44 5433.29236  5433.2919   4.0 1 1 
	       1950.14 5431.11414   5431.112   4.0 1 1 
	function chebyshev
	order 5
	sample *
	naverage 1
	niterate 2000
	low_reject 3.
	high_reject 3.
	grow 0.
	coefficients	9
		1.
		5.
		68.53677368164061
		1950.138305664063
		5474.289351692143
		-41.88122867179578
		-1.299741038456145
		0.002243014944822052
		0.003511245678205609

# Tue 15:32:11 29-Mar-2022
begin	identify iazcomp.0025 - Ap 25
	id	iazcomp.0025
	task	identify
	image	iazcomp.0025 - Ap 25
	aperture	25
	aplow	1320.23
	aphigh	1329.96
	units	Angstroms
	features	43
	         69.20 5514.87201  5514.8731   4.0 1 1 
	        193.13 5509.99217  5509.9938   4.0 1 1 
	        229.09 5508.55955  5508.5585   4.0 1 1 
	        254.48  5507.5436  5507.5385   4.0 1 1 
	        270.08 5506.91789  5506.9196   4.0 1 1 
	        289.98 5506.11703  5506.1128   4.0 1 1 
	        334.90 5504.30183  5504.3018   4.0 1 1 
	        392.92 5501.93933  5501.9439   4.0 1 1 
	        409.04 5501.27972  5501.2814   4.0 1 1 
	        448.82 5499.64492  5499.6478   4.0 1 1 
	        458.30 5499.25396  5499.2554   4.0 1 1 
	        484.14 5498.18561  5498.1841   4.0 1 1 
	        539.71 5495.87542  5495.8738   4.0 1 1 
	        576.65 5494.32918  5494.3306   4.0 1 1 
	        603.46 5493.20197   5493.204   4.0 1 1 
	        616.74 5492.64229  5492.6435   4.0 1 1 
	        676.16 5490.12457  5490.1194   4.0 1 1 
	        711.15 5488.63242  5488.6287   4.0 1 1 
	        815.30 5484.14701  5484.1467   4.0 1 1 
	        931.28 5479.07669  5479.0751   4.0 1 1 
	        965.94 5477.54582  5477.5522   4.0 1 1 
	       1117.66 5470.76148  5470.7591   4.0 1 1 
	       1196.78 5467.16908  5467.1704   4.0 1 1 
	       1261.40 5464.20769  5464.2055   4.0 1 1 
	       1296.03 5462.61057  5462.6129   4.0 1 1 
	       1315.02 5461.73177  5461.7358   4.0 1 1 
	       1374.37 5458.97164  5458.9676   4.0 1 1 
	       1517.73 5452.21935  5452.2187   4.0 1 1 
	       1529.61 5451.65409   5451.652   4.0 1 1 
	       1575.25 5449.47633  5449.4788   4.0 1 1 
	       1600.39 5448.27166  5448.2719   4.0 1 1 
	       1623.64 5447.15453  5447.1536   4.0 1 1 
	       1695.31  5443.6907  5443.6893   4.0 1 1 
	       1724.86 5442.25364  5442.2477   4.0 1 1 
	       1758.80 5440.59759  5440.6015   4.0 1 1 
	       1771.31 5439.98535  5439.9891   4.0 1 1 
	       1808.90 5438.14112  5438.1374   4.0 1 1 
	       1824.23 5437.38624  5437.3877   4.0 1 1 
	       1854.57 5435.88919  5435.8925   4.0 1 1 
	       1870.12 5435.12023  5435.1229   4.0 1 1 
	       1889.65 5434.15197  5434.1514   4.0 1 1 
	       1906.96 5433.29214  5433.2919   4.0 1 1 
	       1950.64 5431.11502   5431.112   4.0 1 1 
	function chebyshev
	order 5
	sample *
	naverage 1
	niterate 2000
	low_reject 3.
	high_reject 3.
	grow 0.
	coefficients	9
		1.
		5.
		69.20388793945312
		1950.640502929688
		5474.289800809222
		-41.8812760259665
		-1.299874933258783
		0.002777113387968341
		0.003588707353063523

# Mon 11:37:21 30-Jan-2023
begin	identify iazcomp.0025 - Ap 25
	id	iazcomp.0025
	task	identify
	image	iazcomp.0025 - Ap 25
	aperture	25
	aplow	1320.23
	aphigh	1329.96
	units	Angstroms
	features	41
	         73.49 5514.87187  5514.8731   4.0 1 1 
	        197.42 5509.99277  5509.9938   4.0 1 1 
	        233.40 5508.55963  5508.5585   4.0 1 1 
	        258.79 5507.54384  5507.5385   4.0 1 1 
	        274.38 5506.91857  5506.9196   4.0 1 1 
	        339.21 5504.30211  5504.3018   4.0 1 1 
	        397.20 5501.94169  5501.9439   4.0 1 1 
	        413.36 5501.28026  5501.2814   4.0 1 1 
	        453.14 5499.64564  5499.6478   4.0 1 1 
	        462.62  5499.2547  5499.2554   4.0 1 1 
	        488.49 5498.18549  5498.1841   4.0 1 1 
	        544.03 5495.87644  5495.8738   4.0 1 1 
	        581.00  5494.3295  5494.3306   4.0 1 1 
	        607.81 5493.20274   5493.204   4.0 1 1 
	        621.12 5492.64186  5492.6435   4.0 1 1 
	        715.51 5488.63334  5488.6287   4.0 1 1 
	        819.72 5484.14696  5484.1467   4.0 1 1 
	        894.52 5480.88689  5480.8907   4.0 1 1 
	        935.72  5479.0768  5479.0751   4.0 1 1 
	        970.30 5477.55032  5477.5522   4.0 1 1 
	       1122.18 5470.76083  5470.7591   4.0 1 1 
	       1201.30 5467.16961  5467.1704   4.0 1 1 
	       1265.94 5464.20799  5464.2055   4.0 1 1 
	       1300.57 5462.61143  5462.6129   4.0 1 1 
	       1319.54 5461.73412  5461.7358   4.0 1 1 
	       1378.97 5458.97093  5458.9676   4.0 1 1 
	       1460.48  5455.1476  5455.1524   4.0 1 1 
	       1522.33 5452.22028  5452.2187   4.0 1 1 
	       1534.21  5451.6555   5451.652   4.0 1 1 
	       1579.84 5449.47849  5449.4788   4.0 1 1 
	       1605.05 5448.27084  5448.2719   4.0 1 1 
	       1628.27 5447.15487  5447.1536   4.0 1 1 
	       1763.41 5440.59931  5440.6015   4.0 1 1 
	       1775.93 5439.98649  5439.9891   4.0 1 1 
	       1813.53 5438.14147  5438.1374   4.0 1 1 
	       1828.84 5437.38768  5437.3877   4.0 1 1 
	       1859.19 5435.88987  5435.8925   4.0 1 1 
	       1874.70 5435.12261  5435.1229   4.0 1 1 
	       1894.28  5434.1518  5434.1514   4.0 1 1 
	       1911.59 5433.29155  5433.2919   4.0 1 1 
	       1955.27 5431.11361   5431.112   4.0 1 1 
	function chebyshev
	order 5
	sample *
	naverage 1
	niterate 2000
	low_reject 3.
	high_reject 3.
	grow 0.
	coefficients	9
		1.
		5.
		73.49430847167968
		1955.271484375
		5474.290325261103
		-41.8802636463588
		-1.300449357064937
		0.001134306438335903
		0.002863907703224261

# Mon 13:57:16 06-Feb-2023
begin	identify iazcomp.0025 - Ap 25
	id	iazcomp.0025
	task	identify
	image	iazcomp.0025 - Ap 25
	aperture	25
	aplow	1320.23
	aphigh	1329.96
	units	Angstroms
	features	41
	         72.55 5514.87183  5514.8731   4.0 1 1 
	        196.47 5509.99276  5509.9938   4.0 1 1 
	        232.43 5508.56042  5508.5585   4.0 1 1 
	        257.87 5507.54267  5507.5385   4.0 1 1 
	        273.43 5506.91831  5506.9196   4.0 1 1 
	        338.25 5504.30231  5504.3018   4.0 1 1 
	        396.25 5501.94041  5501.9439   4.0 1 1 
	        412.36 5501.28104  5501.2814   4.0 1 1 
	        452.14 5499.64615  5499.6478   4.0 1 1 
	        461.62 5499.25504  5499.2554   4.0 1 1 
	        487.47 5498.18627  5498.1841   4.0 1 1 
	        543.01 5495.87695  5495.8738   4.0 1 1 
	        579.96 5494.33008  5494.3306   4.0 1 1 
	        606.80 5493.20177   5493.204   4.0 1 1 
	        620.07 5492.64201  5492.6435   4.0 1 1 
	        714.43  5488.6336  5488.6287   4.0 1 1 
	        818.61 5484.14642  5484.1467   4.0 1 1 
	        893.37 5480.88723  5480.8907   4.0 1 1 
	        934.57  5479.0764  5479.0751   4.0 1 1 
	        969.17  5477.5484  5477.5522   4.0 1 1 
	       1120.95 5470.76052  5470.7591   4.0 1 1 
	       1200.05 5467.16931  5467.1704   4.0 1 1 
	       1264.65 5464.20848  5464.2055   4.0 1 1 
	       1299.26 5462.61255  5462.6129   4.0 1 1 
	       1318.24 5461.73392  5461.7358   4.0 1 1 
	       1377.63 5458.97177  5458.9676   4.0 1 1 
	       1459.13 5455.14814  5455.1524   4.0 1 1 
	       1520.98 5452.21994  5452.2187   4.0 1 1 
	       1532.86 5451.65545   5451.652   4.0 1 1 
	       1578.48 5449.47852  5449.4788   4.0 1 1 
	       1603.65 5448.27229  5448.2719   4.0 1 1 
	       1626.88 5447.15554  5447.1536   4.0 1 1 
	       1762.03 5440.59903  5440.6015   4.0 1 1 
	       1774.61 5439.98322  5439.9891   4.0 1 1 
	       1812.15 5438.14078  5438.1374   4.0 1 1 
	       1827.46 5437.38748  5437.3877   4.0 1 1 
	       1857.78 5435.89055  5435.8925   4.0 1 1 
	       1873.32 5435.12171  5435.1229   4.0 1 1 
	       1892.87 5434.15242  5434.1514   4.0 1 1 
	       1910.19 5433.29172  5433.2919   4.0 1 1 
	       1953.86 5431.11491   5431.112   4.0 1 1 
	function chebyshev
	order 5
	sample *
	naverage 1
	niterate 2000
	low_reject 3.
	high_reject 3.
	grow 0.
	coefficients	9
		1.
		5.
		72.55339050292969
		1953.8564453125
		5474.290382030269
		-41.88118636163454
		-1.299855723754022
		0.002725257464039437
		0.002842450716455908

