# Tue 22:41:33 07-Sep-2021
begin	identify iazcomp.0021 - Ap 21
	id	iazcomp.0021
	task	identify
	image	iazcomp.0021 - Ap 21
	aperture	21
	aplow	1260.43
	aphigh	1270.15
	units	Angstroms
	features	31
	        122.16 5193.82707  5193.8256   4.0 1 1 
	        201.86 5190.86701   5190.872   4.0 1 1 
	        284.88 5187.74598  5187.7462   4.0 1 1 
	        295.58 5187.34132  5187.3374   4.0 1 1 
	        320.05 5186.41262  5186.4132   4.0 1 1 
	        383.45 5183.99077  5183.9896   4.0 1 1 
	        421.49 5182.52693  5182.5269   4.0 1 1 
	        468.14 5180.72066  5180.7209   4.0 1 1 
	        564.22 5176.96264   5176.961   4.0 1 1 
	        605.68  5175.3247  5175.3248   4.0 1 1 
	        647.25 5173.67285  5173.6715   4.0 1 1 
	        765.52 5168.92034  5168.9225   4.0 1 1 
	        842.87 5165.76976  5165.7728   4.0 1 1 
	        899.14 5163.45691  5163.4584   4.0 1 1 
	        927.46 5162.28634  5162.2846   4.0 1 1 
	        945.48 5161.53901  5161.5396   4.0 1 1 
	       1015.85 5158.60318  5158.6041   4.0 1 1 
	       1119.17 5154.24288   5154.243   4.0 1 1 
	       1180.82  5151.6127   5151.612   4.0 1 1 
	       1236.83 5149.20507  5149.2069   4.0 1 1 
	       1259.72 5148.21587  5148.2115   4.0 1 1 
	       1309.46 5146.05686  5146.0557   4.0 1 1 
	       1326.60 5145.30957  5145.3083   4.0 1 1 
	       1358.48 5143.91546  5143.9165   4.0 1 1 
	       1406.98 5141.78419  5141.7827   4.0 1 1 
	       1504.14 5137.47506  5137.4733   4.0 1 1 
	       1534.53 5136.11678   5136.121   4.0 1 1 
	       1565.08 5134.74591   5134.746   4.0 1 1 
	       1703.13 5128.48891  5128.4897   4.0 1 1 
	       1944.73 5117.29127  5117.2923   4.0 1 1 
	       1992.38 5115.04618  5115.0448   4.0 1 1 
	function chebyshev
	order 5
	sample *
	naverage 1
	niterate 2000
	low_reject 3.
	high_reject 3.
	grow 0.
	coefficients	9
		1.
		5.
		122.1586227416992
		1992.37744140625
		5155.648062013044
		-39.39547397804625
		-1.212878948640456
		0.005024859969517564
		0.001442193024540524

# Fri 10:56:01 11-Mar-2022
begin	identify iazcomp.0021 - Ap 21
	id	iazcomp.0021
	task	identify
	image	iazcomp.0021 - Ap 21
	aperture	21
	aplow	1260.43
	aphigh	1270.15
	units	Angstroms
	features	32
	         52.85 5195.81367  5195.8136   4.0 1 1 
	         89.73 5194.45751  5194.4576   4.0 1 1 
	        186.35 5190.87018   5190.872   4.0 1 1 
	        269.38 5187.74741  5187.7462   4.0 1 1 
	        304.55 5186.41337  5186.4132   4.0 1 1 
	        355.86 5184.45521  5184.4534   4.0 1 1 
	        367.95 5183.99171  5183.9896   4.0 1 1 
	        406.08 5182.52465  5182.5269   4.0 1 1 
	        452.69 5180.72083  5180.7209   4.0 1 1 
	        548.81 5176.96251   5176.961   4.0 1 1 
	        575.50 5175.90956  5175.9115   4.0 1 1 
	        590.30  5175.3243  5175.3248   4.0 1 1 
	        631.91  5173.6717  5173.6715   4.0 1 1 
	        750.20 5168.92124  5168.9225   4.0 1 1 
	        827.58 5165.77163  5165.7728   4.0 1 1 
	        883.91 5163.45748  5163.4584   4.0 1 1 
	        912.25 5162.28662  5162.2846   4.0 1 1 
	        930.27 5161.53978  5161.5396   4.0 1 1 
	       1000.67  5158.6044  5158.6041   4.0 1 1 
	       1104.06 5154.24343   5154.243   4.0 1 1 
	       1165.75 5151.61287   5151.612   4.0 1 1 
	       1221.78 5149.20535  5149.2069   4.0 1 1 
	       1294.48 5146.05582  5146.0557   4.0 1 1 
	       1311.60  5145.3098  5145.3083   4.0 1 1 
	       1343.50 5143.91554  5143.9165   4.0 1 1 
	       1392.03 5141.78354  5141.7827   4.0 1 1 
	       1489.26 5137.47384  5137.4733   4.0 1 1 
	       1550.23 5134.74499   5134.746   4.0 1 1 
	       1650.06  5130.2337  5130.2338   4.0 1 1 
	       1688.35 5128.48934  5128.4897   4.0 1 1 
	       1910.86 5118.20048  5118.2023   4.0 1 1 
	       1930.20 5117.29427  5117.2923   4.0 1 1 
	function chebyshev
	order 5
	sample *
	naverage 1
	niterate 2000
	low_reject 3.
	high_reject 3.
	grow 0.
	coefficients	9
		1.
		5.
		52.84664916992187
		1930.198608398437
		5157.7667737024
		-39.26335964795377
		-1.216708133786532
		0.003663068926971772
		0.003904402274565346

# Tue 15:08:40 29-Mar-2022
begin	identify iazcomp.0021 - Ap 21
	id	iazcomp.0021
	task	identify
	image	iazcomp.0021 - Ap 21
	aperture	21
	aplow	1260.43
	aphigh	1270.15
	units	Angstroms
	features	32
	         53.54  5195.8131  5195.8136   4.0 1 1 
	         90.40  5194.4577  5194.4576   4.0 1 1 
	        187.01  5190.8708   5190.872   4.0 1 1 
	        270.05 5187.74791  5187.7462   4.0 1 1 
	        305.26 5186.41249  5186.4132   4.0 1 1 
	        356.54 5184.45511  5184.4534   4.0 1 1 
	        368.63 5183.99175  5183.9896   4.0 1 1 
	        406.71 5182.52626  5182.5269   4.0 1 1 
	        453.38 5180.71973  5180.7209   4.0 1 1 
	        549.45  5176.9628   5176.961   4.0 1 1 
	        576.18 5175.90862  5175.9115   4.0 1 1 
	        590.94 5175.32447  5175.3248   4.0 1 1 
	        632.55 5173.67185  5173.6715   4.0 1 1 
	        750.84 5168.92097  5168.9225   4.0 1 1 
	        828.20 5165.77136  5165.7728   4.0 1 1 
	        884.52 5163.45781  5163.4584   4.0 1 1 
	        912.86 5162.28655  5162.2846   4.0 1 1 
	        930.87 5161.53987  5161.5396   4.0 1 1 
	       1001.28 5158.60403  5158.6041   4.0 1 1 
	       1104.63 5154.24422   5154.243   4.0 1 1 
	       1166.33 5151.61313   5151.612   4.0 1 1 
	       1222.37 5149.20469  5149.2069   4.0 1 1 
	       1295.05 5146.05551  5146.0557   4.0 1 1 
	       1312.16 5145.30982  5145.3083   4.0 1 1 
	       1344.06 5143.91568  5143.9165   4.0 1 1 
	       1392.58 5141.78424  5141.7827   4.0 1 1 
	       1489.81 5137.47368  5137.4733   4.0 1 1 
	       1550.76 5134.74558   5134.746   4.0 1 1 
	       1650.62 5130.23278  5130.2338   4.0 1 1 
	       1688.89 5128.48932  5128.4897   4.0 1 1 
	       1911.40 5118.19967  5118.2023   4.0 1 1 
	       1930.70 5117.29521  5117.2923   4.0 1 1 
	function chebyshev
	order 5
	sample *
	naverage 1
	niterate 2000
	low_reject 3.
	high_reject 3.
	grow 0.
	coefficients	9
		1.
		5.
		53.53518676757812
		1930.695434570313
		5157.767228179257
		-39.26293634590911
		-1.216752340316366
		0.003996150780854346
		0.003679161737555814

# Mon 11:35:38 30-Jan-2023
begin	identify iazcomp.0021 - Ap 21
	id	iazcomp.0021
	task	identify
	image	iazcomp.0021 - Ap 21
	aperture	21
	aplow	1260.43
	aphigh	1270.15
	units	Angstroms
	features	40
	         57.80 5195.81236  5195.8136   4.0 1 1 
	         94.66 5194.45698  5194.4576   4.0 1 1 
	        191.27 5190.87057   5190.872   4.0 1 1 
	        274.35 5187.74643  5187.7462   4.0 1 1 
	        285.02 5187.34244  5187.3374   4.0 1 1 
	        309.52 5186.41281  5186.4132   4.0 1 1 
	        360.85 5184.45392  5184.4534   4.0 1 1 
	        372.94 5183.99065  5183.9896   4.0 1 1 
	        396.26 5183.09449  5183.0897   4.0 1 1 
	        411.04 5182.52501  5182.5269   4.0 1 1 
	        457.73 5180.71793  5180.7209   4.0 1 1 
	        553.80 5176.96195   5176.961   4.0 1 1 
	        572.25 5176.23461  5176.2292   4.0 1 1 
	        580.50 5175.90899  5175.9115   4.0 1 1 
	        595.28 5175.32432  5175.3248   4.0 1 1 
	        608.72 5174.79193  5174.7988   4.0 1 1 
	        636.88 5173.67271  5173.6715   4.0 1 1 
	        755.21 5168.92134  5168.9225   4.0 1 1 
	        811.11 5166.64982  5166.6553   4.0 1 1 
	        832.60 5165.77175  5165.7728   4.0 1 1 
	        888.93 5163.45842  5163.4584   4.0 1 1 
	        917.27 5162.28745  5162.2846   4.0 1 1 
	        935.31  5161.5402  5161.5396   4.0 1 1 
	       1005.73  5158.6046  5158.6041   4.0 1 1 
	       1109.13 5154.24398   5154.243   4.0 1 1 
	       1170.85 5151.61295   5151.612   4.0 1 1 
	       1226.89 5149.20539  5149.2069   4.0 1 1 
	       1249.81 5148.21572  5148.2115   4.0 1 1 
	       1299.60 5146.05566  5146.0557   4.0 1 1 
	       1316.72  5145.3101  5145.3083   4.0 1 1 
	       1348.62 5143.91594  5143.9165   4.0 1 1 
	       1397.16 5141.78381  5141.7827   4.0 1 1 
	       1494.38 5137.47451  5137.4733   4.0 1 1 
	       1524.78 5136.11627   5136.121   4.0 1 1 
	       1555.37 5134.74475   5134.746   4.0 1 1 
	       1636.60 5131.07733   5131.072   4.0 1 1 
	       1655.26 5130.23005  5130.2338   4.0 1 1 
	       1693.48 5128.48839  5128.4897   4.0 1 1 
	       1935.27 5117.29015  5117.2923   4.0 1 1 
	       1982.91 5115.04743  5115.0448   4.0 1 1 
	function chebyshev
	order 5
	sample *
	naverage 1
	niterate 2000
	low_reject 3.
	high_reject 3.
	grow 0.
	coefficients	9
		1.
		5.
		57.79753112792969
		1982.9130859375
		5156.707173845582
		-40.38494662044345
		-1.280794356796522
		0.002478446942481923
		0.003515032855395212

# Mon 13:57:10 06-Feb-2023
begin	identify iazcomp.0021 - Ap 21
	id	iazcomp.0021
	task	identify
	image	iazcomp.0021 - Ap 21
	aperture	21
	aplow	1260.43
	aphigh	1270.15
	units	Angstroms
	features	40
	         56.89 5195.81259  5195.8136   4.0 1 1 
	         93.76 5194.45666  5194.4576   4.0 1 1 
	        190.34 5190.87052   5190.872   4.0 1 1 
	        273.40 5187.74623  5187.7462   4.0 1 1 
	        284.07 5187.34194  5187.3374   4.0 1 1 
	        308.55 5186.41254  5186.4132   4.0 1 1 
	        359.87 5184.45384  5184.4534   4.0 1 1 
	        371.93 5183.99152  5183.9896   4.0 1 1 
	        395.30 5183.09294  5183.0897   4.0 1 1 
	        410.04 5182.52501  5182.5269   4.0 1 1 
	        456.62 5180.72145  5180.7209   4.0 1 1 
	        552.77  5176.9615   5176.961   4.0 1 1 
	        571.16 5176.23656  5176.2292   4.0 1 1 
	        579.47 5175.90837  5175.9115   4.0 1 1 
	        594.26  5175.3231  5175.3248   4.0 1 1 
	        607.65 5174.79218  5174.7988   4.0 1 1 
	        635.81 5173.67285  5173.6715   4.0 1 1 
	        754.11 5168.92111  5168.9225   4.0 1 1 
	        810.00 5166.64926  5166.6553   4.0 1 1 
	        831.51 5165.77006  5165.7728   4.0 1 1 
	        887.80  5163.4577  5163.4584   4.0 1 1 
	        916.12 5162.28726  5162.2846   4.0 1 1 
	        934.15 5161.53987  5161.5396   4.0 1 1 
	       1004.55 5158.60435  5158.6041   4.0 1 1 
	       1107.91 5154.24422   5154.243   4.0 1 1 
	       1169.59 5151.61378   5151.612   4.0 1 1 
	       1225.61 5149.20612  5149.2069   4.0 1 1 
	       1248.53 5148.21609  5148.2115   4.0 1 1 
	       1298.29 5146.05696  5146.0557   4.0 1 1 
	       1315.42 5145.31039  5145.3083   4.0 1 1 
	       1347.32 5143.91585  5143.9165   4.0 1 1 
	       1395.83 5141.78415  5141.7827   4.0 1 1 
	       1493.05 5137.47384  5137.4733   4.0 1 1 
	       1523.43 5136.11633   5136.121   4.0 1 1 
	       1554.00 5134.74475   5134.746   4.0 1 1 
	       1635.23 5131.07668   5131.072   4.0 1 1 
	       1653.88 5130.22982  5130.2338   4.0 1 1 
	       1692.11 5128.48741  5128.4897   4.0 1 1 
	       1933.82 5117.29131  5117.2923   4.0 1 1 
	       1981.50 5115.04698  5115.0448   4.0 1 1 
	function chebyshev
	order 5
	sample *
	naverage 1
	niterate 2000
	low_reject 3.
	high_reject 3.
	grow 0.
	coefficients	9
		1.
		5.
		56.8865509033203
		1981.49951171875
		5156.706243090123
		-40.38610122580441
		-1.280227254294891
		0.003297515976416588
		0.003767759896004341

