# Tue 22:48:15 07-Sep-2021
begin	identify iazcomp.0048 - Ap 48
	id	iazcomp.0048
	task	identify
	image	iazcomp.0048 - Ap 48
	aperture	48
	aplow	1590.23
	aphigh	1598.83
	units	Angstroms
	features	12
	        374.21 8516.55545  8516.5542   4.0 1 1 
	        467.46 8510.62228   8510.624   4.0 1 1 
	        955.07 8478.35692   8478.358   4.0 1 1 
	       1138.41 8465.67538  8465.6706   4.0 1 1 
	       1407.54 8446.50592  8446.5116   4.0 1 1 
	       1421.58 8445.48765   8445.487   4.0 1 1 
	       1749.09 8421.22614  8421.2254   4.0 1 1 
	       1791.66 8418.00063  8417.9982   4.0 1 1 
	       1808.42 8416.72675  8416.7269   4.0 1 1 
	       1871.39 8411.91597  8411.9172   4.0 1 1 
	       1976.57 8403.80018  8403.7965   4.0 1 1 
	       1999.91 8401.98531   8401.989   4.0 1 1 
	function chebyshev
	order 5
	sample *
	naverage 1
	niterate 0
	low_reject 3.
	high_reject 3.
	grow 0.
	coefficients	9
		1.
		5.
		374.20947265625
		1999.909790039063
		8460.762496504546
		-57.2787556005512
		-1.494233580372595
		-0.006314267902866885
		0.002121353693831604

# Fri 11:18:13 11-Mar-2022
begin	identify iazcomp.0048 - Ap 48
	id	iazcomp.0048
	task	identify
	image	iazcomp.0048 - Ap 48
	aperture	48
	aplow	1590.23
	aphigh	1598.83
	units	Angstroms
	features	15
	        279.70 8521.44749  8521.4422   4.0 1 1 
	        358.16  8516.5371  8516.5542   4.0 1 1 
	        451.13 8510.63966   8510.624   4.0 1 1 
	        762.36 8490.29923  8490.3065   4.0 1 1 
	        938.99 8478.36327   8478.358   4.0 1 1 
	       1122.45 8465.67244  8465.6706   4.0 1 1 
	       1143.01 8464.23179  8464.2367   4.0 1 1 
	       1254.63 8456.34513  8456.3468   4.0 1 1 
	       1391.68 8446.51002  8446.5116   4.0 1 1 
	       1405.76 8445.48964   8445.487   4.0 1 1 
	       1582.91 8432.49983  8432.4935   4.0 1 1 
	       1733.46  8421.2265  8421.2254   4.0 1 1 
	       1776.06 8417.99635  8417.9982   4.0 1 1 
	       1792.81 8416.72143  8416.7269   4.0 1 1 
	       2018.47 8399.25951  8399.2578   4.0 1 1 
	function chebyshev
	order 5
	sample *
	naverage 1
	niterate 0
	low_reject 3.
	high_reject 3.
	grow 0.
	coefficients	9
		1.
		5.
		279.6982727050781
		2018.47412109375
		8462.093648084685
		-61.08184386717273
		-1.726044191521445
		-0.0121452314674059
		-0.0141077967781844

# Tue 15:32:44 29-Mar-2022
begin	identify iazcomp.0048 - Ap 48
	id	iazcomp.0048
	task	identify
	image	iazcomp.0048 - Ap 48
	aperture	48
	aplow	1590.23
	aphigh	1598.83
	units	Angstroms
	features	15
	        280.52 8521.44202  8521.4422   4.0 1 1 
	        358.70 8516.54709  8516.5542   4.0 1 1 
	        451.84 8510.63636   8510.624   4.0 1 1 
	        763.01 8490.29719  8490.3065   4.0 1 1 
	        939.66  8478.3601   8478.358   4.0 1 1 
	       1123.03 8465.67652  8465.6706   4.0 1 1 
	       1143.66 8464.23073  8464.2367   4.0 1 1 
	       1255.22 8456.34893  8456.3468   4.0 1 1 
	       1392.29 8446.51152  8446.5116   4.0 1 1 
	       1406.38 8445.49075   8445.487   4.0 1 1 
	       1583.68 8432.48871  8432.4935   4.0 1 1 
	       1734.04 8421.22833  8421.2254   4.0 1 1 
	       1776.61 8417.99975  8417.9982   4.0 1 1 
	       1793.38 8416.72285  8416.7269   4.0 1 1 
	       2019.04 8399.25854  8399.2578   4.0 1 1 
	function chebyshev
	order 5
	sample *
	naverage 1
	niterate 0
	low_reject 3.
	high_reject 3.
	grow 0.
	coefficients	9
		1.
		5.
		280.5209655761719
		2019.0390625
		8462.089267234998
		-61.07740837991333
		-1.725524990889019
		-0.01433061130651067
		-0.01346074628105492

# Mon 11:45:36 30-Jan-2023
begin	identify iazcomp.0048 - Ap 48
	id	iazcomp.0048
	task	identify
	image	iazcomp.0048 - Ap 48
	aperture	48
	aplow	1590.23
	aphigh	1598.83
	units	Angstroms
	features	17
	        284.80  8521.4449  8521.4422   4.0 1 1 
	        362.91 8516.54718  8516.5542   4.0 1 1 
	        456.11 8510.62993   8510.624   4.0 1 1 
	        767.35 8490.30002  8490.3065   4.0 1 1 
	        944.05 8478.36705   8478.358   4.0 1 1 
	       1039.27  8471.8192   8471.826   4.0 1 1 
	       1127.53  8465.6772  8465.6706   4.0 1 1 
	       1148.08 8464.23701  8464.2367   4.0 1 1 
	       1396.78 8446.50385  8446.5116   4.0 1 1 
	       1410.84 8445.48461   8445.487   4.0 1 1 
	       1587.86 8432.50003  8432.4935   4.0 1 1 
	       1738.52 8421.22629  8421.2254   4.0 1 1 
	       1781.15  8417.9996  8417.9982   4.0 1 1 
	       1797.88 8416.72849  8416.7269   4.0 1 1 
	       1861.01 8411.90987  8411.9172   4.0 1 1 
	       1966.17 8403.80357  8403.7965   4.0 1 1 
	       1989.59 8401.98468   8401.989   4.0 1 1 
	function chebyshev
	order 5
	sample *
	naverage 1
	niterate 0
	low_reject 3.
	high_reject 3.
	grow 0.
	coefficients	9
		1.
		5.
		284.8044128417969
		1989.594604492188
		8463.357181469695
		-59.7315100281597
		-1.642484102885919
		0.001402235832730095
		9.451550876040992E-5

# Mon 13:58:36 06-Feb-2023
begin	identify iazcomp.0048 - Ap 48
	id	iazcomp.0048
	task	identify
	image	iazcomp.0048 - Ap 48
	aperture	48
	aplow	1590.23
	aphigh	1598.83
	units	Angstroms
	features	17
	        284.21 8521.43768  8521.4422   4.0 1 1 
	        361.88 8516.55912  8516.5542   4.0 1 1 
	        455.20 8510.62727   8510.624   4.0 1 1 
	        766.31 8490.29622  8490.3065   4.0 1 1 
	        942.97 8478.36586   8478.358   4.0 1 1 
	       1038.13 8471.82212   8471.826   4.0 1 1 
	       1126.45 8465.67538  8465.6706   4.0 1 1 
	       1146.97 8464.23718  8464.2367   4.0 1 1 
	       1395.60  8446.5071  8446.5116   4.0 1 1 
	       1409.67  8445.4865   8445.487   4.0 1 1 
	       1586.70 8432.49727  8432.4935   4.0 1 1 
	       1737.28   8421.225  8421.2254   4.0 1 1 
	       1779.87 8417.99958  8417.9982   4.0 1 1 
	       1796.62 8416.72634  8416.7269   4.0 1 1 
	       1859.64 8411.91378  8411.9172   4.0 1 1 
	       1964.90 8403.79708  8403.7965   4.0 1 1 
	       1988.16 8401.99005   8401.989   4.0 1 1 
	function chebyshev
	order 5
	sample *
	naverage 1
	niterate 0
	low_reject 3.
	high_reject 3.
	grow 0.
	coefficients	9
		1.
		5.
		284.2060546875
		1988.155395507813
		8463.351832258192
		-59.72026693607604
		-1.640060660837192
		-0.003548279698578444
		0.002088639808307474

