# Tue 22:40:35 07-Sep-2021
begin	identify iazcomp.0018 - Ap 18
	id	iazcomp.0018
	task	identify
	image	iazcomp.0018 - Ap 18
	aperture	18
	aplow	1212.58
	aphigh	1221.89
	units	Angstroms
	features	43
	         23.42 4980.94749  4980.9513   4.0 1 1 
	         45.13 4980.18785  4980.1859   4.0 1 1 
	        164.97 4975.95185  4975.9485   4.0 1 1 
	        270.52 4972.16076  4972.1597   4.0 1 1 
	        363.99 4968.75493  4968.7556   4.0 1 1 
	        445.95 4965.73111  4965.7315   4.0 1 1 
	        463.48 4965.07962  4965.0795   4.0 1 1 
	        514.25 4963.18418  4963.1881   4.0 1 1 
	        553.08 4961.72506   4961.726   4.0 1 1 
	        632.14 4958.72985   4958.724   4.0 1 1 
	        648.74 4958.09646  4958.0988   4.0 1 1 
	        669.63 4957.29748  4957.2963   4.0 1 1 
	        788.84  4952.6939  4952.6908   4.0 1 1 
	        841.71  4950.6278  4950.6264   4.0 1 1 
	        851.42 4950.24668  4950.2513   4.0 1 1 
	        919.28 4947.56893  4947.5752   4.0 1 1 
	        942.08 4946.66398  4946.6637   4.0 1 1 
	        972.33 4945.45867  4945.4587   4.0 1 1 
	       1032.14 4943.06091  4943.0642   4.0 1 1 
	       1072.88 4941.41698   4941.416   4.0 1 1 
	       1116.57 4939.64377  4939.6422   4.0 1 1 
	       1160.95 4937.83198  4937.8295   4.0 1 1 
	       1186.64  4936.7788  4936.7746   4.0 1 1 
	       1257.56 4933.85223  4933.8521   4.0 1 1 
	       1273.00 4933.21153  4933.2091   4.0 1 1 
	       1350.25 4929.98673   4929.985   4.0 1 1 
	       1371.72 4929.08486   4929.086   4.0 1 1 
	       1402.67 4927.78083  4927.7803   4.0 1 1 
	       1414.01 4927.30161  4927.2988   4.0 1 1 
	       1458.41 4925.41895  4925.4254   4.0 1 1 
	       1481.90  4924.4187  4924.4223   4.0 1 1 
	       1516.34 4922.94719  4922.9442   4.0 1 1 
	       1547.41 4921.61431  4921.6134   4.0 1 1 
	       1589.16 4919.81523  4919.8157   4.0 1 1 
	       1690.45 4915.41346  4915.4155   4.0 1 1 
	       1756.18 4912.52852  4912.5293   4.0 1 1 
	       1767.35 4912.03631  4912.0428   4.0 1 1 
	       1782.18 4911.38172  4911.3787   4.0 1 1 
	       1795.43 4910.79579  4910.7929   4.0 1 1 
	       1809.82 4910.15858  4910.1576   4.0 1 1 
	       1876.11 4907.20946  4907.2093   4.0 1 1 
	       1930.93  4904.7544  4904.7516   4.0 1 1 
	       1990.87 4902.05284  4902.0545   4.0 1 1 
	function chebyshev
	order 5
	sample *
	naverage 1
	niterate 2000
	low_reject 3.
	high_reject 3.
	grow 0.
	coefficients	9
		1.
		5.
		23.41879272460938
		1990.870483398438
		4942.778081609726
		-39.4505045334312
		-1.282561771751147
		0.003181541984751456
		0.00464430985397988

# Fri 10:54:38 11-Mar-2022
begin	identify iazcomp.0018 - Ap 18
	id	iazcomp.0018
	task	identify
	image	iazcomp.0018 - Ap 18
	aperture	18
	aplow	1212.58
	aphigh	1221.89
	units	Angstroms
	features	41
	          7.97 4980.94716  4980.9513   4.0 1 1 
	         29.68 4980.18765  4980.1859   4.0 1 1 
	        149.50 4975.95314  4975.9485   4.0 1 1 
	        255.09 4972.16138  4972.1597   4.0 1 1 
	        348.62  4968.7546  4968.7556   4.0 1 1 
	        430.65 4965.72927  4965.7315   4.0 1 1 
	        448.15 4965.07929  4965.0795   4.0 1 1 
	        498.90 4963.18515  4963.1881   4.0 1 1 
	        537.79 4961.72434   4961.726   4.0 1 1 
	        616.90 4958.72846   4958.724   4.0 1 1 
	        633.48 4958.09633  4958.0988   4.0 1 1 
	        654.40  4957.2967  4957.2963   4.0 1 1 
	        773.65 4952.69345  4952.6908   4.0 1 1 
	        826.55 4950.62711  4950.6264   4.0 1 1 
	        926.97 4946.66352  4946.6637   4.0 1 1 
	        957.24 4945.45793  4945.4587   4.0 1 1 
	       1017.13 4943.05879  4943.0642   4.0 1 1 
	       1057.83 4941.41719   4941.416   4.0 1 1 
	       1101.57 4939.64282  4939.6422   4.0 1 1 
	       1146.00 4937.83046  4937.8295   4.0 1 1 
	       1171.69 4936.77762  4936.7746   4.0 1 1 
	       1242.64 4933.85154  4933.8521   4.0 1 1 
	       1258.10 4933.21041  4933.2091   4.0 1 1 
	       1335.40 4929.98572   4929.985   4.0 1 1 
	       1356.86 4929.08465   4929.086   4.0 1 1 
	       1387.85  4927.7796  4927.7803   4.0 1 1 
	       1399.22  4927.2993  4927.2988   4.0 1 1 
	       1467.09 4924.41931  4924.4223   4.0 1 1 
	       1501.55 4922.94771  4922.9442   4.0 1 1 
	       1532.65 4921.61401  4921.6134   4.0 1 1 
	       1574.45 4919.81425  4919.8157   4.0 1 1 
	       1741.56 4912.52797  4912.5293   4.0 1 1 
	       1752.65 4912.03938  4912.0428   4.0 1 1 
	       1767.56 4911.38165  4911.3787   4.0 1 1 
	       1780.82 4910.79568  4910.7929   4.0 1 1 
	       1786.44 4910.54699  4910.5488   4.0 1 1 
	       1795.25 4910.15688  4910.1576   4.0 1 1 
	       1861.57  4907.2081  4907.2093   4.0 1 1 
	       1916.40  4904.7539  4904.7516   4.0 1 1 
	       1959.88 4902.79686  4902.7943   4.0 1 1 
	       1976.39 4902.05171  4902.0545   4.0 1 1 
	function chebyshev
	order 5
	sample *
	naverage 1
	niterate 2000
	low_reject 3.
	high_reject 3.
	grow 0.
	coefficients	9
		1.
		5.
		7.968195438385009
		1976.389038085937
		4942.775418648428
		-39.45030946226617
		-1.28059075226458
		0.002581588342610836
		0.004608666143774338

# Tue 15:08:37 29-Mar-2022
begin	identify iazcomp.0018 - Ap 18
	id	iazcomp.0018
	task	identify
	image	iazcomp.0018 - Ap 18
	aperture	18
	aplow	1212.58
	aphigh	1221.89
	units	Angstroms
	features	41
	          8.59 4980.94839  4980.9513   4.0 1 1 
	         30.39 4980.18593  4980.1859   4.0 1 1 
	        150.18 4975.95349  4975.9485   4.0 1 1 
	        255.79 4972.16097  4972.1597   4.0 1 1 
	        349.28 4968.75544  4968.7556   4.0 1 1 
	        431.31 4965.72984  4965.7315   4.0 1 1 
	        448.81 4965.07984  4965.0795   4.0 1 1 
	        499.60   4963.184  4963.1881   4.0 1 1 
	        538.44 4961.72485   4961.726   4.0 1 1 
	        617.57 4958.72763   4958.724   4.0 1 1 
	        634.13 4958.09629  4958.0988   4.0 1 1 
	        655.03 4957.29714  4957.2963   4.0 1 1 
	        774.27 4952.69385  4952.6908   4.0 1 1 
	        827.19 4950.62642  4950.6264   4.0 1 1 
	        927.57 4946.66332  4946.6637   4.0 1 1 
	        957.85 4945.45759  4945.4587   4.0 1 1 
	       1017.71 4943.05896  4943.0642   4.0 1 1 
	       1058.42 4941.41682   4941.416   4.0 1 1 
	       1102.16 4939.64242  4939.6422   4.0 1 1 
	       1146.57 4937.83051  4937.8295   4.0 1 1 
	       1172.26  4936.7775  4936.7746   4.0 1 1 
	       1243.22 4933.85106  4933.8521   4.0 1 1 
	       1258.66 4933.21066  4933.2091   4.0 1 1 
	       1335.93 4929.98698   4929.985   4.0 1 1 
	       1357.43 4929.08412   4929.086   4.0 1 1 
	       1388.39 4927.78023  4927.7803   4.0 1 1 
	       1399.78 4927.29927  4927.2988   4.0 1 1 
	       1467.63 4924.41988  4924.4223   4.0 1 1 
	       1502.08 4922.94871  4922.9442   4.0 1 1 
	       1533.20 4921.61405  4921.6134   4.0 1 1 
	       1574.99 4919.81466  4919.8157   4.0 1 1 
	       1742.10 4912.52808  4912.5293   4.0 1 1 
	       1753.28 4912.03529  4912.0428   4.0 1 1 
	       1768.09 4911.38192  4911.3787   4.0 1 1 
	       1781.36 4910.79528  4910.7929   4.0 1 1 
	       1786.96 4910.54756  4910.5488   4.0 1 1 
	       1795.76 4910.15791  4910.1576   4.0 1 1 
	       1862.11 4907.20766  4907.2093   4.0 1 1 
	       1916.92 4904.75405  4904.7516   4.0 1 1 
	       1960.40 4902.79716  4902.7943   4.0 1 1 
	       1976.89 4902.05228  4902.0545   4.0 1 1 
	function chebyshev
	order 5
	sample *
	naverage 1
	niterate 2000
	low_reject 3.
	high_reject 3.
	grow 0.
	coefficients	9
		1.
		5.
		8.587175369262695
		1976.893920898438
		4942.77694874814
		-39.45118399169415
		-1.280720118965384
		0.003133168954953972
		0.004106347672530522

# Mon 11:34:43 30-Jan-2023
begin	identify iazcomp.0018 - Ap 18
	id	iazcomp.0018
	task	identify
	image	iazcomp.0018 - Ap 18
	aperture	18
	aplow	1212.58
	aphigh	1221.89
	units	Angstroms
	features	46
	         12.72 4980.95058  4980.9513   4.0 1 1 
	         34.60 4980.18544  4980.1859   4.0 1 1 
	        154.47 4975.95095  4975.9485   4.0 1 1 
	        260.05 4972.16049  4972.1597   4.0 1 1 
	        353.57 4968.75483  4968.7556   4.0 1 1 
	        435.59 4965.73062  4965.7315   4.0 1 1 
	        453.11 4965.07986  4965.0795   4.0 1 1 
	        503.96 4963.18253  4963.1881   4.0 1 1 
	        542.77 4961.72531   4961.726   4.0 1 1 
	        621.87 4958.73029   4958.724   4.0 1 1 
	        638.45 4958.09826  4958.0988   4.0 1 1 
	        659.43  4957.2964  4957.2963   4.0 1 1 
	        778.65  4952.6954  4952.6908   4.0 1 1 
	        831.58 4950.62833  4950.6264   4.0 1 1 
	        841.28 4950.24781  4950.2513   4.0 1 1 
	        909.18 4947.57065  4947.5752   4.0 1 1 
	        932.02 4946.66454  4946.6637   4.0 1 1 
	        962.28 4945.45969  4945.4587   4.0 1 1 
	       1022.16 4943.06093  4943.0642   4.0 1 1 
	       1050.70 4941.91079  4941.9174   4.0 1 1 
	       1062.91 4941.41765   4941.416   4.0 1 1 
	       1106.64 4939.64394  4939.6422   4.0 1 1 
	       1151.07  4937.8319  4937.8295   4.0 1 1 
	       1176.76 4936.77889  4936.7746   4.0 1 1 
	       1247.74 4933.85198  4933.8521   4.0 1 1 
	       1263.20 4933.21119  4933.2091   4.0 1 1 
	       1340.48 4929.98751   4929.985   4.0 1 1 
	       1361.98 4929.08503   4929.086   4.0 1 1 
	       1392.96 4927.78036  4927.7803   4.0 1 1 
	       1404.33 4927.30022  4927.2988   4.0 1 1 
	       1448.74 4925.41858  4925.4254   4.0 1 1 
	       1472.22 4924.41941  4924.4223   4.0 1 1 
	       1506.68 4922.94783  4922.9442   4.0 1 1 
	       1537.78  4921.6148  4921.6134   4.0 1 1 
	       1579.58 4919.81469  4919.8157   4.0 1 1 
	       1680.93 4915.41285  4915.4155   4.0 1 1 
	       1746.68 4912.52863  4912.5293   4.0 1 1 
	       1757.83 4912.03748  4912.0428   4.0 1 1 
	       1772.71 4911.38121  4911.3787   4.0 1 1 
	       1778.18 4911.13922  4911.1358   4.0 1 1 
	       1785.96 4910.79523  4910.7929   4.0 1 1 
	       1800.38 4910.15739  4910.1576   4.0 1 1 
	       1866.67 4907.20968  4907.2093   4.0 1 1 
	       1921.53 4904.75346  4904.7516   4.0 1 1 
	       1965.01 4902.79646  4902.7943   4.0 1 1 
	       1981.53 4902.05049  4902.0545   4.0 1 1 
	function chebyshev
	order 5
	sample *
	naverage 1
	niterate 2000
	low_reject 3.
	high_reject 3.
	grow 0.
	coefficients	9
		1.
		5.
		12.71940517425537
		1981.53076171875
		4942.778912418591
		-39.45230758005012
		-1.282763041606495
		0.002263744006887055
		0.004386173902568014

# Mon 13:57:05 06-Feb-2023
begin	identify iazcomp.0018 - Ap 18
	id	iazcomp.0018
	task	identify
	image	iazcomp.0018 - Ap 18
	aperture	18
	aplow	1212.58
	aphigh	1221.89
	units	Angstroms
	features	43
	         12.01 4980.94718  4980.9513   4.0 1 1 
	         33.71 4980.18821  4980.1859   4.0 1 1 
	        153.57 4975.95179  4975.9485   4.0 1 1 
	        259.11 4972.16125  4972.1597   4.0 1 1 
	        352.62 4968.75495  4968.7556   4.0 1 1 
	        434.61 4965.73071  4965.7315   4.0 1 1 
	        452.13 4965.07995  4965.0795   4.0 1 1 
	        502.94 4963.18317  4963.1881   4.0 1 1 
	        541.76 4961.72491   4961.726   4.0 1 1 
	        620.84 4958.72977   4958.724   4.0 1 1 
	        637.43 4958.09721  4958.0988   4.0 1 1 
	        658.38 4957.29627  4957.2963   4.0 1 1 
	        777.58 4952.69404  4952.6908   4.0 1 1 
	        830.47 4950.62791  4950.6264   4.0 1 1 
	        840.17 4950.24739  4950.2513   4.0 1 1 
	        908.05 4947.56987  4947.5752   4.0 1 1 
	        930.86 4946.66431  4946.6637   4.0 1 1 
	        961.13 4945.45875  4945.4587   4.0 1 1 
	       1020.94 4943.06185  4943.0642   4.0 1 1 
	       1061.72 4941.41668   4941.416   4.0 1 1 
	       1105.42  4939.6437  4939.6422   4.0 1 1 
	       1149.83 4937.83136  4937.8295   4.0 1 1 
	       1175.51 4936.77884  4936.7746   4.0 1 1 
	       1246.47 4933.85172  4933.8521   4.0 1 1 
	       1261.91 4933.21119  4933.2091   4.0 1 1 
	       1339.18 4929.98658   4929.985   4.0 1 1 
	       1360.70 4929.08337   4929.086   4.0 1 1 
	       1391.64 4927.77991  4927.7803   4.0 1 1 
	       1403.01 4927.29962  4927.2988   4.0 1 1 
	       1470.89 4924.41822  4924.4223   4.0 1 1 
	       1505.34 4922.94687  4922.9442   4.0 1 1 
	       1536.43  4921.6134  4921.6134   4.0 1 1 
	       1578.22  4919.8135  4919.8157   4.0 1 1 
	       1679.54   4915.412  4915.4155   4.0 1 1 
	       1745.30 4912.52724  4912.5293   4.0 1 1 
	       1771.30  4911.3808  4911.3787   4.0 1 1 
	       1776.77 4911.13928  4911.1358   4.0 1 1 
	       1784.56 4910.79508  4910.7929   4.0 1 1 
	       1798.98 4910.15658  4910.1576   4.0 1 1 
	       1865.31 4907.20742  4907.2093   4.0 1 1 
	       1920.15 4904.75248  4904.7516   4.0 1 1 
	       1963.58 4902.79827  4902.7943   4.0 1 1 
	       1980.14 4902.05059  4902.0545   4.0 1 1 
	function chebyshev
	order 5
	sample *
	naverage 1
	niterate 2000
	low_reject 3.
	high_reject 3.
	grow 0.
	coefficients	9
		1.
		5.
		12.01305961608887
		1980.141479492187
		4942.774735789347
		-39.45165491899095
		-1.280838163455858
		0.003357582796032677
		0.004988862037776717

