# Tue 22:39:25 07-Sep-2021
begin	identify iazcomp.0014 - Ap 14
	id	iazcomp.0014
	task	identify
	image	iazcomp.0014 - Ap 14
	aperture	14
	aplow	1144.09
	aphigh	1152.95
	units	Angstroms
	features	40
	        202.79 4712.84333  4712.8408   4.0 1 1 
	        227.57 4712.00114  4712.0056   4.0 1 1 
	        335.54 4708.29578   4708.294   4.0 1 1 
	        394.34 4706.25288  4706.2511   4.0 1 1 
	        408.48 4705.75897  4705.7606   4.0 1 1 
	        458.85 4703.99172  4703.9898   4.0 1 1 
	        476.91 4703.35475  4703.3581   4.0 1 1 
	        506.22 4702.31787  4702.3161   4.0 1 1 
	        549.69 4700.77197  4700.7711   4.0 1 1 
	        567.31 4700.14245  4700.1402   4.0 1 1 
	        697.21 4695.45375  4695.4542   4.0 1 1 
	        708.72 4695.03445  4695.0381   4.0 1 1 
	        734.54  4694.0907  4694.0914   4.0 1 1 
	        828.65 4690.62276  4690.6219   4.0 1 1 
	        947.11 4686.19341  4686.1946   4.0 1 1 
	       1022.17 4683.35009  4683.3517   4.0 1 1 
	       1103.44 4680.23951  4680.2377   4.0 1 1 
	       1155.37  4678.2342  4678.2352   4.0 1 1 
	       1187.84 4676.97353  4676.9721   4.0 1 1 
	       1211.31 4676.05938  4676.0555   4.0 1 1 
	       1228.82   4675.375   4675.376   4.0 1 1 
	       1272.51 4673.66133  4673.6609   4.0 1 1 
	       1303.63 4672.43512  4672.4372   4.0 1 1 
	       1365.44 4669.98487  4669.9842   4.0 1 1 
	       1410.86 4668.17179  4668.1716   4.0 1 1 
	       1445.09 4666.79882  4666.7985   4.0 1 1 
	       1464.79 4666.00599   4666.005   4.0 1 1 
	       1490.45 4664.97036  4664.9704   4.0 1 1 
	       1534.08 4663.20241  4663.2026   4.0 1 1 
	       1549.03 4662.59404  4662.5936   4.0 1 1 
	       1602.99 4660.39013  4660.3941   4.0 1 1 
	       1663.51 4657.90102  4657.9012   4.0 1 1 
	       1696.11  4656.5531  4656.5518   4.0 1 1 
	       1728.43   4655.211  4655.2126   4.0 1 1 
	       1805.54 4651.98902  4651.9895   4.0 1 1 
	       1815.82 4651.55744  4651.5552   4.0 1 1 
	       1847.22 4650.23554  4650.2343   4.0 1 1 
	       1931.05 4646.68328  4646.6861   4.0 1 1 
	       1977.26 4644.71036  4644.7072   4.0 1 1 
	       2004.21 4643.55512  4643.5566   4.0 1 1 
	function chebyshev
	order 5
	sample *
	naverage 1
	niterate 2000
	low_reject 3.
	high_reject 3.
	grow 0.
	coefficients	9
		1.
		5.
		202.7905426025391
		2004.214599609375
		4679.216896178901
		-34.64819949539129
		-1.018916915679407
		0.004091632920319352
		0.001247184471909416

# Fri 10:52:44 11-Mar-2022
begin	identify iazcomp.0014 - Ap 14
	id	iazcomp.0014
	task	identify
	image	iazcomp.0014 - Ap 14
	aperture	14
	aplow	1144.09
	aphigh	1152.95
	units	Angstroms
	features	42
	        187.56  4712.8439  4712.8408   4.0 1 1 
	        198.30 4712.47917  4712.4814   4.0 1 1 
	        212.29  4712.0033  4712.0056   4.0 1 1 
	        320.35 4708.29479   4708.294   4.0 1 1 
	        379.15 4706.25262  4706.2511   4.0 1 1 
	        393.25 4705.76012  4705.7606   4.0 1 1 
	        443.69 4703.99118  4703.9898   4.0 1 1 
	        461.71 4703.35593  4703.3581   4.0 1 1 
	        491.08 4702.31735  4702.3161   4.0 1 1 
	        534.58 4700.77091  4700.7711   4.0 1 1 
	        552.20 4700.14205  4700.1402   4.0 1 1 
	        682.19 4695.45288  4695.4542   4.0 1 1 
	        693.66   4695.035  4695.0381   4.0 1 1 
	        719.49 4694.09138  4694.0914   4.0 1 1 
	        813.63 4690.62438  4690.6219   4.0 1 1 
	        922.22 4686.56975  4686.5715   4.0 1 1 
	        932.18 4686.19478  4686.1946   4.0 1 1 
	       1007.26 4683.35229  4683.3517   4.0 1 1 
	       1140.59 4678.23453  4678.2352   4.0 1 1 
	       1173.11 4676.97247  4676.9721   4.0 1 1 
	       1214.09 4675.37486   4675.376   4.0 1 1 
	       1257.78  4673.6621  4673.6609   4.0 1 1 
	       1288.87 4672.43726  4672.4372   4.0 1 1 
	       1350.74 4669.98561  4669.9842   4.0 1 1 
	       1396.22 4668.17162  4668.1716   4.0 1 1 
	       1430.46  4666.7987  4666.7985   4.0 1 1 
	       1437.49 4666.51634  4666.5158   4.0 1 1 
	       1450.17 4666.00611   4666.005   4.0 1 1 
	       1475.90 4664.96819  4664.9704   4.0 1 1 
	       1519.49 4663.20236  4663.2026   4.0 1 1 
	       1534.45 4662.59412  4662.5936   4.0 1 1 
	       1608.44 4659.56986  4659.5698   4.0 1 1 
	       1649.01 4657.90027  4657.9012   4.0 1 1 
	       1681.56 4656.55481  4656.5518   4.0 1 1 
	       1713.99  4655.2092  4655.2126   4.0 1 1 
	       1791.15 4651.98729  4651.9895   4.0 1 1 
	       1801.41 4651.55643  4651.5552   4.0 1 1 
	       1832.80 4650.23599  4650.2343   4.0 1 1 
	       1903.35 4647.25114  4647.2509   4.0 1 1 
	       1916.69 4646.68411  4646.6861   4.0 1 1 
	       1962.98 4644.70965  4644.7072   4.0 1 1 
	       1989.93  4643.5557  4643.5566   4.0 1 1 
	function chebyshev
	order 5
	sample *
	naverage 1
	niterate 2000
	low_reject 3.
	high_reject 3.
	grow 0.
	coefficients	9
		1.
		5.
		187.5570068359375
		1989.92626953125
		4679.215337872701
		-34.64800376789415
		-1.017750836255485
		0.003904277116567624
		0.002212388181501877

# Tue 15:08:32 29-Mar-2022
begin	identify iazcomp.0014 - Ap 14
	id	iazcomp.0014
	task	identify
	image	iazcomp.0014 - Ap 14
	aperture	14
	aplow	1144.09
	aphigh	1152.95
	units	Angstroms
	features	42
	        188.31 4712.84182  4712.8408   4.0 1 1 
	        198.99 4712.47908  4712.4814   4.0 1 1 
	        212.93 4712.00468  4712.0056   4.0 1 1 
	        321.00 4708.29577   4708.294   4.0 1 1 
	        379.81 4706.25294  4706.2511   4.0 1 1 
	        393.93 4705.75987  4705.7606   4.0 1 1 
	        444.36 4703.99077  4703.9898   4.0 1 1 
	        462.34 4703.35707  4703.3581   4.0 1 1 
	        491.74 4702.31737  4702.3161   4.0 1 1 
	        535.25 4700.77037  4700.7711   4.0 1 1 
	        552.82 4700.14303  4700.1402   4.0 1 1 
	        682.82 4695.45288  4695.4542   4.0 1 1 
	        694.30 4695.03472  4695.0381   4.0 1 1 
	        720.13 4694.09104  4694.0914   4.0 1 1 
	        814.27 4690.62371  4690.6219   4.0 1 1 
	        922.86 4686.56816  4686.5715   4.0 1 1 
	        932.79 4686.19439  4686.1946   4.0 1 1 
	       1007.87 4683.35191  4683.3517   4.0 1 1 
	       1141.16 4678.23482  4678.2352   4.0 1 1 
	       1173.66 4676.97357  4676.9721   4.0 1 1 
	       1214.64  4675.3759   4675.376   4.0 1 1 
	       1258.35  4673.6623  4673.6609   4.0 1 1 
	       1289.48 4672.43595  4672.4372   4.0 1 1 
	       1351.31 4669.98574  4669.9842   4.0 1 1 
	       1396.76  4668.1725  4668.1716   4.0 1 1 
	       1431.02 4666.79891  4666.7985   4.0 1 1 
	       1438.04 4666.51661  4666.5158   4.0 1 1 
	       1450.73 4666.00617   4666.005   4.0 1 1 
	       1476.41 4664.97002  4664.9704   4.0 1 1 
	       1520.04 4663.20227  4663.2026   4.0 1 1 
	       1535.04 4662.59276  4662.5936   4.0 1 1 
	       1608.98 4659.57002  4659.5698   4.0 1 1 
	       1649.54 4657.90065  4657.9012   4.0 1 1 
	       1682.13  4656.5534  4656.5518   4.0 1 1 
	       1714.51 4655.20983  4655.2126   4.0 1 1 
	       1791.67 4651.98783  4651.9895   4.0 1 1 
	       1801.96 4651.55583  4651.5552   4.0 1 1 
	       1833.35 4650.23502  4650.2343   4.0 1 1 
	       1903.88 4647.25044  4647.2509   4.0 1 1 
	       1917.24 4646.68238  4646.6861   4.0 1 1 
	       1963.44  4644.7117  4644.7072   4.0 1 1 
	       1990.41 4643.55631  4643.5566   4.0 1 1 
	function chebyshev
	order 5
	sample *
	naverage 1
	niterate 2000
	low_reject 3.
	high_reject 3.
	grow 0.
	coefficients	9
		1.
		5.
		188.3074188232422
		1990.412963867188
		4679.214577117917
		-34.6465261958601
		-1.017540036144838
		0.00376918939441921
		0.002027149728308302

# Mon 11:34:07 30-Jan-2023
begin	identify iazcomp.0014 - Ap 14
	id	iazcomp.0014
	task	identify
	image	iazcomp.0014 - Ap 14
	aperture	14
	aplow	1144.09
	aphigh	1152.95
	units	Angstroms
	features	46
	        192.45 4712.84491  4712.8408   4.0 1 1 
	        203.24 4712.47838  4712.4814   4.0 1 1 
	        217.26 4712.00178  4712.0056   4.0 1 1 
	        325.25 4708.29613   4708.294   4.0 1 1 
	        384.05 4706.25415  4706.2511   4.0 1 1 
	        398.22 4705.75964  4705.7606   4.0 1 1 
	        448.63 4703.99173  4703.9898   4.0 1 1 
	        466.67 4703.35581  4703.3581   4.0 1 1 
	        496.03 4702.31783  4702.3161   4.0 1 1 
	        539.55 4700.77095  4700.7711   4.0 1 1 
	        557.27 4700.13841  4700.1402   4.0 1 1 
	        687.13 4695.45445  4695.4542   4.0 1 1 
	        698.64 4695.03542  4695.0381   4.0 1 1 
	        724.48 4694.09188  4694.0914   4.0 1 1 
	        818.63 4690.62474  4690.6219   4.0 1 1 
	        927.25 4686.56958  4686.5715   4.0 1 1 
	        937.19 4686.19559  4686.1946   4.0 1 1 
	       1012.29 4683.35272  4683.3517   4.0 1 1 
	       1028.75 4682.72589  4682.7322   4.0 1 1 
	       1083.20 4680.64278   4680.646   4.0 1 1 
	       1093.63  4680.2417  4680.2377   4.0 1 1 
	       1145.61 4678.23606  4678.2352   4.0 1 1 
	       1178.13 4676.97439  4676.9721   4.0 1 1 
	       1219.15 4675.37556   4675.376   4.0 1 1 
	       1262.86 4673.66227  4673.6609   4.0 1 1 
	       1294.05 4672.43377  4672.4372   4.0 1 1 
	       1355.84 4669.98565  4669.9842   4.0 1 1 
	       1401.30  4668.1727  4668.1716   4.0 1 1 
	       1435.55 4666.79961  4666.7985   4.0 1 1 
	       1442.57  4666.5174  4666.5158   4.0 1 1 
	       1455.26 4666.00672   4666.005   4.0 1 1 
	       1480.98 4664.96936  4664.9704   4.0 1 1 
	       1524.58 4663.20324  4663.2026   4.0 1 1 
	       1539.54 4662.59543  4662.5936   4.0 1 1 
	       1593.58 4660.38922  4660.3941   4.0 1 1 
	       1613.56 4659.57012  4659.5698   4.0 1 1 
	       1654.12 4657.90072  4657.9012   4.0 1 1 
	       1686.70 4656.55416  4656.5518   4.0 1 1 
	       1719.13 4655.20871  4655.2126   4.0 1 1 
	       1796.25 4651.98788  4651.9895   4.0 1 1 
	       1806.52 4651.55693  4651.5552   4.0 1 1 
	       1837.94  4650.2352  4650.2343   4.0 1 1 
	       1908.47 4647.25052  4647.2509   4.0 1 1 
	       1921.78 4646.68426  4646.6861   4.0 1 1 
	       1968.06 4644.71003  4644.7072   4.0 1 1 
	       1995.00  4643.5561  4643.5566   4.0 1 1 
	function chebyshev
	order 5
	sample *
	naverage 1
	niterate 2000
	low_reject 3.
	high_reject 3.
	grow 0.
	coefficients	9
		1.
		5.
		192.4471588134766
		1994.999145507813
		4679.217439784891
		-34.64748999174354
		-1.018873144309938
		0.003083052411404562
		0.00193924755952734

# Mon 13:56:50 06-Feb-2023
begin	identify iazcomp.0014 - Ap 14
	id	iazcomp.0014
	task	identify
	image	iazcomp.0014 - Ap 14
	aperture	14
	aplow	1144.09
	aphigh	1152.95
	units	Angstroms
	features	46
	        191.57 4712.84418  4712.8408   4.0 1 1 
	        202.31 4712.47944  4712.4814   4.0 1 1 
	        216.37 4712.00122  4712.0056   4.0 1 1 
	        324.30  4708.2966   4708.294   4.0 1 1 
	        383.08 4706.25472  4706.2511   4.0 1 1 
	        397.27 4705.75901  4705.7606   4.0 1 1 
	        447.65 4703.99177  4703.9898   4.0 1 1 
	        465.75 4703.35371  4703.3581   4.0 1 1 
	        495.03 4702.31796  4702.3161   4.0 1 1 
	        538.53 4700.77156  4700.7711   4.0 1 1 
	        556.19 4700.14071  4700.1402   4.0 1 1 
	        686.08  4695.4544  4695.4542   4.0 1 1 
	        697.59 4695.03516  4695.0381   4.0 1 1 
	        723.41 4694.09189  4694.0914   4.0 1 1 
	        817.55  4690.6242  4690.6219   4.0 1 1 
	        926.12 4686.56927  4686.5715   4.0 1 1 
	        936.06 4686.19517  4686.1946   4.0 1 1 
	       1011.14 4683.35207  4683.3517   4.0 1 1 
	       1027.54 4682.72738  4682.7322   4.0 1 1 
	       1082.04 4680.64136   4680.646   4.0 1 1 
	       1092.44 4680.24177  4680.2377   4.0 1 1 
	       1144.42 4678.23516  4678.2352   4.0 1 1 
	       1176.92 4676.97384  4676.9721   4.0 1 1 
	       1217.89 4675.37634   4675.376   4.0 1 1 
	       1261.59 4673.66295  4673.6609   4.0 1 1 
	       1292.76 4672.43505  4672.4372   4.0 1 1 
	       1354.55 4669.98623  4669.9842   4.0 1 1 
	       1400.01 4668.17246  4668.1716   4.0 1 1 
	       1434.24 4666.79953  4666.7985   4.0 1 1 
	       1441.28 4666.51682  4666.5158   4.0 1 1 
	       1453.95  4666.0067   4666.005   4.0 1 1 
	       1479.63 4664.97077  4664.9704   4.0 1 1 
	       1523.27 4663.20268  4663.2026   4.0 1 1 
	       1538.24 4662.59385  4662.5936   4.0 1 1 
	       1592.22 4660.38944  4660.3941   4.0 1 1 
	       1612.18 4659.57112  4659.5698   4.0 1 1 
	       1652.76 4657.90065  4657.9012   4.0 1 1 
	       1685.35 4656.55314  4656.5518   4.0 1 1 
	       1717.71 4655.21039  4655.2126   4.0 1 1 
	       1794.86 4651.98799  4651.9895   4.0 1 1 
	       1805.15 4651.55608  4651.5552   4.0 1 1 
	       1836.53 4650.23566  4650.2343   4.0 1 1 
	       1907.08 4647.24975  4647.2509   4.0 1 1 
	       1920.42 4646.68238  4646.6861   4.0 1 1 
	       1966.64 4644.71046  4644.7072   4.0 1 1 
	       1993.56 4643.55751  4643.5566   4.0 1 1 
	function chebyshev
	order 5
	sample *
	naverage 1
	niterate 2000
	low_reject 3.
	high_reject 3.
	grow 0.
	coefficients	9
		1.
		5.
		191.5732574462891
		1993.555053710938
		4679.21675679593
		-34.64699263363965
		-1.018004537442986
		0.003655408825862628
		0.002090254991444404

