# Tue 22:44:28 07-Sep-2021
begin	identify iazcomp.0031 - Ap 31
	id	iazcomp.0031
	task	identify
	image	iazcomp.0031 - Ap 31
	aperture	31
	aplow	1402.08
	aphigh	1411.35
	units	Angstroms
	features	40
	         18.64 6078.42059  6078.4212   4.0 1 1 
	         31.49 6077.87275  6077.8728   4.0 1 1 
	         49.45 6077.10469  6077.1057   4.0 1 1 
	        142.27 6073.10442  6073.1036   4.0 1 1 
	        235.71 6069.02236  6069.0207   4.0 1 1 
	        403.86 6061.53721  6061.5361   4.0 1 1 
	        451.72 6059.37361  6059.3725   4.0 1 1 
	        534.58 6055.59302  6055.5937   4.0 1 1 
	        582.62 6053.38088  6053.3808   4.0 1 1 
	        596.86 6052.72227  6052.7229   4.0 1 1 
	        634.36 6050.98154  6050.9818   4.0 1 1 
	        675.75 6049.04977   6049.051   4.0 1 1 
	        721.60  6046.8963  6046.8977   4.0 1 1 
	        799.15 6043.22357  6043.2233   4.0 1 1 
	        812.44 6042.59054  6042.5898   4.0 1 1 
	        893.97 6038.67989  6038.6805   4.0 1 1 
	        914.33 6037.69658  6037.6975   4.0 1 1 
	        933.68 6036.75904  6036.7622   4.0 1 1 
	        965.95 6035.19129  6035.1923   4.0 1 1 
	       1013.40 6032.87298  6032.8726   4.0 1 1 
	       1028.57 6032.12837  6032.1274   4.0 1 1 
	       1062.79 6030.44429   6030.445   4.0 1 1 
	       1087.38 6029.22906  6029.2257   4.0 1 1 
	       1169.26 6025.15436    6025.15   4.0 1 1 
	       1207.80 6023.22183  6023.2242   4.0 1 1 
	       1251.16 6021.03544  6021.0357   4.0 1 1 
	       1291.43 6018.99417  6018.9934   4.0 1 1 
	       1361.38 6015.42307  6015.4218   4.0 1 1 
	       1395.36 6013.67683  6013.6777   4.0 1 1 
	       1463.33 6010.16163  6010.1606   4.0 1 1 
	       1522.59 6007.07231  6007.0722   4.0 1 1 
	       1558.95 6005.16575   6005.165   4.0 1 1 
	       1634.03 6001.20189  6001.2033   4.0 1 1 
	       1675.48 5998.99867  5998.9987   4.0 1 1 
	       1719.84 5996.62813  5996.6297   4.0 1 1 
	       1766.38 5994.12762  5994.1287   4.0 1 1 
	       1824.13 5991.00567  5991.0071   4.0 1 1 
	       1860.22 5989.04416  5989.0447   4.0 1 1 
	       1892.16 5987.30152  5987.3016   4.0 1 1 
	       1911.02 5986.26964  5986.2665   4.0 1 1 
	function chebyshev
	order 5
	sample *
	naverage 1
	niterate 2000
	low_reject 3.
	high_reject 3.
	grow 0.
	coefficients	9
		1.
		5.
		18.64485931396484
		1911.0166015625
		6033.792470331965
		-46.07511796203586
		-1.450232080993766
		-3.582928514568599E-4
		0.002873307564352041

# Fri 11:00:35 11-Mar-2022
begin	identify iazcomp.0031 - Ap 31
	id	iazcomp.0031
	task	identify
	image	iazcomp.0031 - Ap 31
	aperture	31
	aplow	1402.08
	aphigh	1411.35
	units	Angstroms
	features	41
	         15.57 6077.87164  6077.8728   4.0 1 1 
	         33.50 6077.10536  6077.1057   4.0 1 1 
	        126.36 6073.10444  6073.1036   4.0 1 1 
	        219.84 6069.02205  6069.0207   4.0 1 1 
	        388.04 6061.53723  6061.5361   4.0 1 1 
	        435.94 6059.37274  6059.3725   4.0 1 1 
	        518.79 6055.59413  6055.5937   4.0 1 1 
	        566.87 6053.38068  6053.3808   4.0 1 1 
	        581.13 6052.72159  6052.7229   4.0 1 1 
	        618.63 6050.98176  6050.9818   4.0 1 1 
	        660.04 6049.04955   6049.051   4.0 1 1 
	        705.89 6046.89786  6046.8977   4.0 1 1 
	        783.50 6043.22385  6043.2233   4.0 1 1 
	        796.81 6042.59011  6042.5898   4.0 1 1 
	        878.37 6038.68006  6038.6805   4.0 1 1 
	        898.74 6037.69672  6037.6975   4.0 1 1 
	        918.10 6036.75969  6036.7622   4.0 1 1 
	        950.38 6035.19171  6035.1923   4.0 1 1 
	        997.86 6032.87365  6032.8726   4.0 1 1 
	       1013.05 6032.12867  6032.1274   4.0 1 1 
	       1047.27 6030.44496   6030.445   4.0 1 1 
	       1063.46 6029.64621    6029.65   4.0 1 1 
	       1071.89 6029.22938  6029.2257   4.0 1 1 
	       1192.38  6023.2216  6023.2242   4.0 1 1 
	       1235.75 6021.03655  6021.0357   4.0 1 1 
	       1276.04  6018.9953  6018.9934   4.0 1 1 
	       1346.04 6015.42376  6015.4218   4.0 1 1 
	       1380.02 6013.67834  6013.6777   4.0 1 1 
	       1448.04  6010.1625  6010.1606   4.0 1 1 
	       1507.34  6007.0736  6007.0722   4.0 1 1 
	       1543.72 6005.16662   6005.165   4.0 1 1 
	       1608.91 6001.72919  6001.7339   4.0 1 1 
	       1618.84 6001.20308  6001.2033   4.0 1 1 
	       1660.31 5998.99951  5998.9987   4.0 1 1 
	       1704.68 5996.62977  5996.6297   4.0 1 1 
	       1751.27 5994.12822  5994.1287   4.0 1 1 
	       1763.12 5993.48933  5993.4941   4.0 1 1 
	       1809.05 5991.00653  5991.0071   4.0 1 1 
	       1845.16 5989.04451  5989.0447   4.0 1 1 
	       1877.12 5987.30178  5987.3016   4.0 1 1 
	       1895.98 5986.27023  5986.2665   4.0 1 1 
	function chebyshev
	order 5
	sample *
	naverage 1
	niterate 2000
	low_reject 3.
	high_reject 3.
	grow 0.
	coefficients	9
		1.
		5.
		15.57182884216309
		1895.976196289063
		6033.497418134639
		-45.79978421788892
		-1.429133612262256
		-9.202164414472823E-4
		0.002648022963401911

# Tue 15:32:22 29-Mar-2022
begin	identify iazcomp.0031 - Ap 31
	id	iazcomp.0031
	task	identify
	image	iazcomp.0031 - Ap 31
	aperture	31
	aplow	1402.08
	aphigh	1411.35
	units	Angstroms
	features	41
	         16.24 6077.87275  6077.8728   4.0 1 1 
	         34.21 6077.10448  6077.1057   4.0 1 1 
	        127.05 6073.10422  6073.1036   4.0 1 1 
	        220.55 6069.02115  6069.0207   4.0 1 1 
	        388.69 6061.53801  6061.5361   4.0 1 1 
	        436.59 6059.37367  6059.3725   4.0 1 1 
	        519.46 6055.59337  6055.5937   4.0 1 1 
	        567.53 6053.38068  6053.3808   4.0 1 1 
	        581.77 6052.72212  6052.7229   4.0 1 1 
	        619.28 6050.98177  6050.9818   4.0 1 1 
	        660.68 6049.04994   6049.051   4.0 1 1 
	        706.54 6046.89712  6046.8977   4.0 1 1 
	        784.13 6043.22413  6043.2233   4.0 1 1 
	        797.43 6042.59026  6042.5898   4.0 1 1 
	        879.00 6038.67968  6038.6805   4.0 1 1 
	        899.36 6037.69662  6037.6975   4.0 1 1 
	        918.74 6036.75818  6036.7622   4.0 1 1 
	        950.99 6035.19193  6035.1923   4.0 1 1 
	        998.45 6032.87408  6032.8726   4.0 1 1 
	       1013.65 6032.12894  6032.1274   4.0 1 1 
	       1047.87 6030.44507   6030.445   4.0 1 1 
	       1064.09 6029.64467    6029.65   4.0 1 1 
	       1072.46 6029.23055  6029.2257   4.0 1 1 
	       1192.96 6023.22223  6023.2242   4.0 1 1 
	       1236.33 6021.03654  6021.0357   4.0 1 1 
	       1276.60 6018.99575  6018.9934   4.0 1 1 
	       1346.61 6015.42348  6015.4218   4.0 1 1 
	       1380.58  6013.6787  6013.6777   4.0 1 1 
	       1448.60 6010.16275  6010.1606   4.0 1 1 
	       1507.90 6007.07306  6007.0722   4.0 1 1 
	       1544.28  6005.1663   6005.165   4.0 1 1 
	       1609.45 6001.72954  6001.7339   4.0 1 1 
	       1619.39 6001.20277  6001.2033   4.0 1 1 
	       1660.85 5999.00006  5998.9987   4.0 1 1 
	       1705.24 5996.62883  5996.6297   4.0 1 1 
	       1751.80 5994.12847  5994.1287   4.0 1 1 
	       1763.66 5993.48942  5993.4941   4.0 1 1 
	       1809.58 5991.00648  5991.0071   4.0 1 1 
	       1845.69 5989.04477  5989.0447   4.0 1 1 
	       1877.64 5987.30208  5987.3016   4.0 1 1 
	       1896.51  5986.2699  5986.2665   4.0 1 1 
	function chebyshev
	order 5
	sample *
	naverage 1
	niterate 2000
	low_reject 3.
	high_reject 3.
	grow 0.
	coefficients	9
		1.
		5.
		16.23788833618164
		1896.505859375
		6033.498025011626
		-45.80080424500106
		-1.42921963147016
		-6.197535612962510E-4
		0.002520136806694894

# Mon 11:39:22 30-Jan-2023
begin	identify iazcomp.0031 - Ap 31
	id	iazcomp.0031
	task	identify
	image	iazcomp.0031 - Ap 31
	aperture	31
	aplow	1402.08
	aphigh	1411.35
	units	Angstroms
	features	39
	          7.68 6078.42056  6078.4212   4.0 1 1 
	         20.53 6077.87283  6077.8728   4.0 1 1 
	         38.48 6077.10569  6077.1057   4.0 1 1 
	        131.37  6073.1038  6073.1036   4.0 1 1 
	        224.86 6069.02122  6069.0207   4.0 1 1 
	        393.05 6061.53703  6061.5361   4.0 1 1 
	        440.93 6059.37367  6059.3725   4.0 1 1 
	        523.82 6055.59312  6055.5937   4.0 1 1 
	        571.89 6053.38043  6053.3808   4.0 1 1 
	        586.13  6052.7223  6052.7229   4.0 1 1 
	        623.64   6050.982  6050.9818   4.0 1 1 
	        665.06 6049.04985   6049.051   4.0 1 1 
	        710.93 6046.89685  6046.8977   4.0 1 1 
	        788.52 6043.22419  6043.2233   4.0 1 1 
	        801.83 6042.59036  6042.5898   4.0 1 1 
	        883.42 6038.67949  6038.6805   4.0 1 1 
	        903.77 6037.69695  6037.6975   4.0 1 1 
	        923.12 6036.76058  6036.7622   4.0 1 1 
	        955.43 6035.19178  6035.1923   4.0 1 1 
	       1002.92 6032.87314  6032.8726   4.0 1 1 
	       1018.10 6032.12885  6032.1274   4.0 1 1 
	       1052.34 6030.44458   6030.445   4.0 1 1 
	       1076.97 6029.22825  6029.2257   4.0 1 1 
	       1197.45  6023.2224  6023.2242   4.0 1 1 
	       1240.85 6021.03555  6021.0357   4.0 1 1 
	       1281.14 6018.99492  6018.9934   4.0 1 1 
	       1351.18  6015.4217  6015.4218   4.0 1 1 
	       1385.14  6013.6779  6013.6777   4.0 1 1 
	       1453.19 6010.16127  6010.1606   4.0 1 1 
	       1512.48 6007.07249  6007.0722   4.0 1 1 
	       1548.88 6005.16537   6005.165   4.0 1 1 
	       1624.00 6001.20186  6001.2033   4.0 1 1 
	       1665.45 5999.00002  5998.9987   4.0 1 1 
	       1709.85 5996.62874  5996.6297   4.0 1 1 
	       1756.42 5994.12783  5994.1287   4.0 1 1 
	       1814.21 5991.00563  5991.0071   4.0 1 1 
	       1850.31 5989.04427  5989.0447   4.0 1 1 
	       1882.27 5987.30158  5987.3016   4.0 1 1 
	       1901.15 5986.26864  5986.2665   4.0 1 1 
	function chebyshev
	order 5
	sample *
	naverage 1
	niterate 2000
	low_reject 3.
	high_reject 3.
	grow 0.
	coefficients	9
		1.
		5.
		7.681587696075439
		1901.149536132812
		6033.790500017167
		-46.0745478100474
		-1.448169373255269
		-0.001411900464914187
		0.00227109103524431

# Mon 13:57:25 06-Feb-2023
begin	identify iazcomp.0031 - Ap 31
	id	iazcomp.0031
	task	identify
	image	iazcomp.0031 - Ap 31
	aperture	31
	aplow	1402.08
	aphigh	1411.35
	units	Angstroms
	features	39
	          6.79 6078.41994  6078.4212   4.0 1 1 
	         19.62 6077.87259  6077.8728   4.0 1 1 
	         37.54 6077.10691  6077.1057   4.0 1 1 
	        130.44  6073.1037  6073.1036   4.0 1 1 
	        223.92 6069.02068  6069.0207   4.0 1 1 
	        392.07 6061.53701  6061.5361   4.0 1 1 
	        439.93 6059.37402  6059.3725   4.0 1 1 
	        522.81 6055.59303  6055.5937   4.0 1 1 
	        570.86 6053.38095  6053.3808   4.0 1 1 
	        585.11 6052.72197  6052.7229   4.0 1 1 
	        622.60 6050.98206  6050.9818   4.0 1 1 
	        664.01 6049.04973   6049.051   4.0 1 1 
	        709.86 6046.89728  6046.8977   4.0 1 1 
	        787.44 6043.22388  6043.2233   4.0 1 1 
	        800.75 6042.58991  6042.5898   4.0 1 1 
	        882.29 6038.67976  6038.6805   4.0 1 1 
	        902.66  6037.6963  6037.6975   4.0 1 1 
	        921.97 6036.76171  6036.7622   4.0 1 1 
	        954.29 6035.19139  6035.1923   4.0 1 1 
	       1001.76 6032.87307  6032.8726   4.0 1 1 
	       1016.93 6032.12884  6032.1274   4.0 1 1 
	       1051.17 6030.44415   6030.445   4.0 1 1 
	       1075.78 6029.22858  6029.2257   4.0 1 1 
	       1196.21 6023.22277  6023.2242   4.0 1 1 
	       1239.60 6021.03577  6021.0357   4.0 1 1 
	       1279.91 6018.99359  6018.9934   4.0 1 1 
	       1349.90 6015.42173  6015.4218   4.0 1 1 
	       1383.84 6013.67845  6013.6777   4.0 1 1 
	       1451.86 6010.16183  6010.1606   4.0 1 1 
	       1511.16 6007.07192  6007.0722   4.0 1 1 
	       1547.53 6005.16608   6005.165   4.0 1 1 
	       1622.64 6001.20204  6001.2033   4.0 1 1 
	       1664.08 5998.99977  5998.9987   4.0 1 1 
	       1708.47 5996.62863  5996.6297   4.0 1 1 
	       1755.05 5994.12711  5994.1287   4.0 1 1 
	       1812.82 5991.00594  5991.0071   4.0 1 1 
	       1848.93 5989.04397  5989.0447   4.0 1 1 
	       1880.86 5987.30209  5987.3016   4.0 1 1 
	       1899.76 5986.26856  5986.2665   4.0 1 1 
	function chebyshev
	order 5
	sample *
	naverage 1
	niterate 2000
	low_reject 3.
	high_reject 3.
	grow 0.
	coefficients	9
		1.
		5.
		6.788910388946532
		1899.757202148438
		6033.790029524381
		-46.07524356959826
		-1.44836473703455
		-4.439173343367321E-4
		0.002583374647847114

