# Tue 22:44:16 07-Sep-2021
begin	identify iazcomp.0030 - Ap 30
	id	iazcomp.0030
	task	identify
	image	iazcomp.0030 - Ap 30
	aperture	30
	aplow	1389.07
	aphigh	1398.54
	units	Angstroms
	features	34
	         67.71   5975.065  5975.0648   4.0 1 1 
	        100.81 5973.66564  5973.6649   4.0 1 1 
	        192.79 5969.74046  5969.7373   4.0 1 1 
	        225.92 5968.31349  5968.3199   4.0 1 1 
	        314.37 5964.47038  5964.4723   4.0 1 1 
	        398.12 5960.78528  5960.7806   4.0 1 1 
	        499.63 5956.25888  5956.2588   4.0 1 1 
	        515.10 5955.56332  5955.5616   4.0 1 1 
	        663.84 5948.79782  5948.7991   4.0 1 1 
	        753.61 5944.64586  5944.6472   4.0 1 1 
	        778.94  5943.4651  5943.4653   4.0 1 1 
	        877.68 5938.82268  5938.8252   4.0 1 1 
	        885.33 5938.46065   5938.457   4.0 1 1 
	        902.18 5937.66124  5937.6634   4.0 1 1 
	        912.58 5937.16687  5937.1619   4.0 1 1 
	       1063.23 5929.93052  5929.9343   4.0 1 1 
	       1086.23  5928.8127   5928.813   4.0 1 1 
	       1120.95 5927.11935  5927.1258   4.0 1 1 
	       1155.90  5925.4068  5925.4036   4.0 1 1 
	       1286.40 5918.94357  5918.9442   4.0 1 1 
	       1371.39 5914.67628  5914.6709   4.0 1 1 
	       1422.55 5912.08511  5912.0853   4.0 1 1 
	       1439.31 5911.23284  5911.2296   4.0 1 1 
	       1549.78 5905.56971  5905.5707   4.0 1 1 
	       1607.11 5902.60078  5902.6021   4.0 1 1 
	       1659.96 5899.84503  5899.8441   4.0 1 1 
	       1726.30 5896.36117  5896.3631   4.0 1 1 
	       1757.85 5894.69481  5894.6979   4.0 1 1 
	       1818.94 5891.45056   5891.451   4.0 1 1 
	       1846.94 5889.95591  5889.9531   4.0 1 1 
	       1872.53 5888.58558  5888.5841   4.0 1 1 
	       1910.78 5886.52978  5886.5314   4.0 1 1 
	       1926.16 5885.70058  5885.7016   4.0 1 1 
	       1982.95 5882.62555  5882.6242   4.0 1 1 
	function chebyshev
	order 5
	sample *
	naverage 1
	niterate 2000
	low_reject 3.
	high_reject 3.
	grow 0.
	coefficients	9
		1.
		5.
		67.70683288574218
		1982.954223632813
		5930.303313556619
		-46.22229304385914
		-1.45962804757459
		0.002568608330562593
		0.001587096497149649

# Fri 11:00:10 11-Mar-2022
begin	identify iazcomp.0030 - Ap 30
	id	iazcomp.0030
	task	identify
	image	iazcomp.0030 - Ap 30
	aperture	30
	aplow	1389.07
	aphigh	1398.54
	units	Angstroms
	features	37
	         51.80 5975.06285  5975.0648   4.0 1 1 
	         84.93 5973.66279  5973.6649   4.0 1 1 
	        133.33 5971.60491  5971.6008   4.0 1 1 
	        176.94 5969.73834  5969.7373   4.0 1 1 
	        298.51 5964.47084  5964.4723   4.0 1 1 
	        382.36 5960.78336  5960.7806   4.0 1 1 
	        483.92 5956.25735  5956.2588   4.0 1 1 
	        499.39 5955.56239  5955.5616   4.0 1 1 
	        648.17 5948.79857  5948.7991   4.0 1 1 
	        737.97 5944.64755  5944.6472   4.0 1 1 
	        763.33 5943.46606  5943.4653   4.0 1 1 
	        787.07 5942.35602  5942.3585   4.0 1 1 
	        825.29 5940.56192  5940.5653   4.0 1 1 
	        862.11 5938.82447  5938.8252   4.0 1 1 
	        869.76 5938.46216   5938.457   4.0 1 1 
	        886.61 5937.66323  5937.6634   4.0 1 1 
	        913.55 5936.38234  5936.3861   4.0 1 1 
	       1047.73 5929.93334  5929.9343   4.0 1 1 
	       1070.77 5928.81427   5928.813   4.0 1 1 
	       1105.47 5927.12258  5927.1258   4.0 1 1 
	       1140.47 5925.40857  5925.4036   4.0 1 1 
	       1271.06 5918.94415  5918.9442   4.0 1 1 
	       1361.85  5914.3863  5914.3856   4.0 1 1 
	       1407.28 5912.08556  5912.0853   4.0 1 1 
	       1424.04 5911.23396  5911.2296   4.0 1 1 
	       1534.58    5905.57  5905.5707   4.0 1 1 
	       1591.93 5902.60119  5902.6021   4.0 1 1 
	       1644.81 5899.84588  5899.8441   4.0 1 1 
	       1711.18 5896.36236  5896.3631   4.0 1 1 
	       1731.76 5895.27695  5895.2818   4.0 1 1 
	       1742.78 5894.69419  5894.6979   4.0 1 1 
	       1803.89 5891.45069   5891.451   4.0 1 1 
	       1831.88 5889.95728  5889.9531   4.0 1 1 
	       1857.51 5888.58543  5888.5841   4.0 1 1 
	       1895.77 5886.53044  5886.5314   4.0 1 1 
	       1911.17 5885.70064  5885.7016   4.0 1 1 
	       1968.00 5882.62577  5882.6242   4.0 1 1 
	function chebyshev
	order 5
	sample *
	naverage 1
	niterate 2000
	low_reject 3.
	high_reject 3.
	grow 0.
	coefficients	9
		1.
		5.
		51.80397033691406
		1968.00390625
		5930.301689028998
		-46.22117359151835
		-1.459361116475164
		0.00263383423080945
		0.001982684477447463

# Tue 15:32:19 29-Mar-2022
begin	identify iazcomp.0030 - Ap 30
	id	iazcomp.0030
	task	identify
	image	iazcomp.0030 - Ap 30
	aperture	30
	aplow	1389.07
	aphigh	1398.54
	units	Angstroms
	features	37
	         52.49 5975.06261  5975.0648   4.0 1 1 
	         85.61 5973.66315  5973.6649   4.0 1 1 
	        134.01 5971.60475  5971.6008   4.0 1 1 
	        177.62 5969.73817  5969.7373   4.0 1 1 
	        299.19  5964.4702  5964.4723   4.0 1 1 
	        383.00 5960.78449  5960.7806   4.0 1 1 
	        484.57 5956.25766  5956.2588   4.0 1 1 
	        500.03 5955.56264  5955.5616   4.0 1 1 
	        648.82 5948.79791  5948.7991   4.0 1 1 
	        738.60 5944.64747  5944.6472   4.0 1 1 
	        763.95 5943.46622  5943.4653   4.0 1 1 
	        787.67  5942.3573  5942.3585   4.0 1 1 
	        825.91 5940.56178  5940.5653   4.0 1 1 
	        862.72 5938.82446  5938.8252   4.0 1 1 
	        870.39  5938.4616   5938.457   4.0 1 1 
	        887.25 5937.66246  5937.6634   4.0 1 1 
	        914.18 5936.38168  5936.3861   4.0 1 1 
	       1048.34 5929.93291  5929.9343   4.0 1 1 
	       1071.37 5928.81412   5928.813   4.0 1 1 
	       1106.07 5927.12243  5927.1258   4.0 1 1 
	       1141.07 5925.40823  5925.4036   4.0 1 1 
	       1271.62 5918.94514  5918.9442   4.0 1 1 
	       1362.40 5914.38717  5914.3856   4.0 1 1 
	       1407.84 5912.08575  5912.0853   4.0 1 1 
	       1424.58 5911.23473  5911.2296   4.0 1 1 
	       1535.14 5905.56978  5905.5707   4.0 1 1 
	       1592.47 5902.60164  5902.6021   4.0 1 1 
	       1645.36 5899.84576  5899.8441   4.0 1 1 
	       1711.73 5896.36194  5896.3631   4.0 1 1 
	       1732.31 5895.27621  5895.2818   4.0 1 1 
	       1743.32 5894.69415  5894.6979   4.0 1 1 
	       1804.43 5891.45076   5891.451   4.0 1 1 
	       1832.43 5889.95669  5889.9531   4.0 1 1 
	       1858.06 5888.58511  5888.5841   4.0 1 1 
	       1896.33 5886.52919  5886.5314   4.0 1 1 
	       1911.69 5885.70175  5885.7016   4.0 1 1 
	       1968.53 5882.62668  5882.6242   4.0 1 1 
	function chebyshev
	order 5
	sample *
	naverage 1
	niterate 2000
	low_reject 3.
	high_reject 3.
	grow 0.
	coefficients	9
		1.
		5.
		52.49379730224609
		1968.52734375
		5930.301640949474
		-46.22091270515901
		-1.459082169999823
		0.002948442347424488
		0.002085908818897233

# Mon 11:39:02 30-Jan-2023
begin	identify iazcomp.0030 - Ap 30
	id	iazcomp.0030
	task	identify
	image	iazcomp.0030 - Ap 30
	aperture	30
	aplow	1389.07
	aphigh	1398.54
	units	Angstroms
	features	42
	         56.78 5975.06681  5975.0648   4.0 1 1 
	         89.90 5973.66677  5973.6649   4.0 1 1 
	        119.03 5972.42969  5972.4351   4.0 1 1 
	        181.93 5969.74054  5969.7373   4.0 1 1 
	        215.02 5968.31545  5968.3199   4.0 1 1 
	        303.47 5964.47339  5964.4723   4.0 1 1 
	        387.38 5960.78294  5960.7806   4.0 1 1 
	        488.88 5956.25888  5956.2588   4.0 1 1 
	        504.37 5955.56284  5955.5616   4.0 1 1 
	        653.17 5948.79802  5948.7991   4.0 1 1 
	        743.00 5944.64601  5944.6472   4.0 1 1 
	        768.30 5943.46736  5943.4653   4.0 1 1 
	        792.09 5942.35515  5942.3585   4.0 1 1 
	        830.28 5940.56263  5940.5653   4.0 1 1 
	        867.14 5938.82359  5938.8252   4.0 1 1 
	        874.80 5938.46127   5938.457   4.0 1 1 
	        891.65 5937.66244  5937.6634   4.0 1 1 
	        902.08  5937.1674  5937.1619   4.0 1 1 
	        918.58 5936.38232  5936.3861   4.0 1 1 
	       1052.80  5929.9329  5929.9343   4.0 1 1 
	       1075.82 5928.81502   5928.813   4.0 1 1 
	       1110.55 5927.12283  5927.1258   4.0 1 1 
	       1145.58 5925.40777  5925.4036   4.0 1 1 
	       1276.17  5918.9451  5918.9442   4.0 1 1 
	       1367.00 5914.38659  5914.3856   4.0 1 1 
	       1387.36 5913.35716  5913.3638   4.0 1 1 
	       1412.41  5912.0877  5912.0853   4.0 1 1 
	       1429.19 5911.23495  5911.2296   4.0 1 1 
	       1539.74 5905.57172  5905.5707   4.0 1 1 
	       1547.49 5905.17195  5905.1763   4.0 1 1 
	       1567.20 5904.15306  5904.1592   4.0 1 1 
	       1597.10 5902.60282  5902.6021   4.0 1 1 
	       1649.98 5899.84735  5899.8441   4.0 1 1 
	       1716.34 5896.36469  5896.3631   4.0 1 1 
	       1736.89 5895.28021  5895.2818   4.0 1 1 
	       1747.93 5894.69705  5894.6979   4.0 1 1 
	       1809.06  5891.4515   5891.451   4.0 1 1 
	       1837.08 5889.95606  5889.9531   4.0 1 1 
	       1862.66 5888.58696  5888.5841   4.0 1 1 
	       1900.95 5886.52908  5886.5314   4.0 1 1 
	       1916.33 5885.70046  5885.7016   4.0 1 1 
	       1973.16 5882.62366  5882.6242   4.0 1 1 
	function chebyshev
	order 5
	sample *
	naverage 1
	niterate 2000
	low_reject 3.
	high_reject 3.
	grow 0.
	coefficients	9
		1.
		5.
		56.7779312133789
		1973.164428710938
		5930.302722322944
		-46.2215396311902
		-1.458504073166653
		-3.284512653549813E-5
		0.001017168801017449

# Mon 13:57:23 06-Feb-2023
begin	identify iazcomp.0030 - Ap 30
	id	iazcomp.0030
	task	identify
	image	iazcomp.0030 - Ap 30
	aperture	30
	aplow	1389.07
	aphigh	1398.54
	units	Angstroms
	features	42
	         55.87 5975.06572  5975.0648   4.0 1 1 
	         88.99 5973.66567  5973.6649   4.0 1 1 
	        117.99 5972.43382  5972.4351   4.0 1 1 
	        180.98 5969.73996  5969.7373   4.0 1 1 
	        214.13 5968.31252  5968.3199   4.0 1 1 
	        302.47 5964.47446  5964.4723   4.0 1 1 
	        386.36 5960.78363  5960.7806   4.0 1 1 
	        487.83 5956.26037  5956.2588   4.0 1 1 
	        503.35  5955.5626  5955.5616   4.0 1 1 
	        652.14 5948.79706  5948.7991   4.0 1 1 
	        741.92 5944.64608  5944.6472   4.0 1 1 
	        767.23 5943.46675  5943.4653   4.0 1 1 
	        791.01 5942.35499  5942.3585   4.0 1 1 
	        829.19 5940.56212  5940.5653   4.0 1 1 
	        866.03 5938.82356  5938.8252   4.0 1 1 
	        873.69 5938.46108   5938.457   4.0 1 1 
	        890.54 5937.66223  5937.6634   4.0 1 1 
	        900.96 5937.16714  5937.1619   4.0 1 1 
	        917.44 5936.38282  5936.3861   4.0 1 1 
	       1051.63 5929.93284  5929.9343   4.0 1 1 
	       1074.63 5928.81539   5928.813   4.0 1 1 
	       1109.36 5927.12248  5927.1258   4.0 1 1 
	       1144.36 5925.40811  5925.4036   4.0 1 1 
	       1274.90 5918.94597  5918.9442   4.0 1 1 
	       1365.69 5914.38765  5914.3856   4.0 1 1 
	       1386.10 5913.35564  5913.3638   4.0 1 1 
	       1411.10 5912.08813  5912.0853   4.0 1 1 
	       1427.88 5911.23497  5911.2296   4.0 1 1 
	       1538.40 5905.57197  5905.5707   4.0 1 1 
	       1546.13 5905.17298  5905.1763   4.0 1 1 
	       1565.87 5904.15244  5904.1592   4.0 1 1 
	       1595.74 5902.60338  5902.6021   4.0 1 1 
	       1648.62 5899.84693  5899.8441   4.0 1 1 
	       1714.98 5896.36362  5896.3631   4.0 1 1 
	       1735.52  5895.2794  5895.2818   4.0 1 1 
	       1746.53 5894.69749  5894.6979   4.0 1 1 
	       1807.67 5891.45155   5891.451   4.0 1 1 
	       1835.67 5889.95707  5889.9531   4.0 1 1 
	       1861.28 5888.58549  5888.5841   4.0 1 1 
	       1899.55  5886.5292  5886.5314   4.0 1 1 
	       1914.92 5885.70042  5885.7016   4.0 1 1 
	       1971.75  5882.6244  5882.6242   4.0 1 1 
	function chebyshev
	order 5
	sample *
	naverage 1
	niterate 2000
	low_reject 3.
	high_reject 3.
	grow 0.
	coefficients	9
		1.
		5.
		55.87376403808593
		1971.747192382813
		5930.302166957229
		-46.22161358822089
		-1.458578290935222
		9.508548123503808E-4
		0.0014710942203977

