# Tue 22:46:33 07-Sep-2021
begin	identify iazcomp.0039 - Ap 39
	id	iazcomp.0039
	task	identify
	image	iazcomp.0039 - Ap 39
	aperture	39
	aplow	1498.08
	aphigh	1505.95
	units	Angstroms
	features	21
	         49.32 7030.25123  7030.2514   4.0 1 1 
	        125.30 7026.46551  7026.4616   4.0 1 1 
	        150.10 7025.22098  7025.2251   4.0 1 1 
	        227.96  7021.2837  7021.2832   4.0 1 1 
	        281.17 7018.56775  7018.5675   4.0 1 1 
	        344.36   7015.315  7015.3172   4.0 1 1 
	        580.67 7002.88841  7002.8829   4.0 1 1 
	        619.58 7000.80238  7000.8036   4.0 1 1 
	        762.67 6993.03374  6993.0371   4.0 1 1 
	        777.57 6992.21557  6992.2126   4.0 1 1 
	        824.05 6989.65413  6989.6553   4.0 1 1 
	        889.34 6986.02839  6986.0298   4.0 1 1 
	        977.48 6981.08227  6981.0831   4.0 1 1 
	       1337.92  6960.2501    6960.25   4.0 1 1 
	       1431.86 6954.66051   6954.656   4.0 1 1 
	       1484.84 6951.47869  6951.4776   4.0 1 1 
	       1583.71 6945.48581  6945.4902   4.0 1 1 
	       1614.40 6943.61039  6943.6105   4.0 1 1 
	       1631.94 6942.53548   6942.538   4.0 1 1 
	       1710.97 6937.66482  6937.6642   4.0 1 1 
	       1727.26 6936.65484  6936.6528   4.0 1 1 
	function chebyshev
	order 5
	sample *
	naverage 1
	niterate 2000
	low_reject 3.
	high_reject 3.
	grow 0.
	coefficients	9
		1.
		5.
		49.32110595703125
		1727.264038085938
		6984.768279649138
		-46.79648654698519
		-1.316770346058586
		-0.00170800757346097
		0.001524244430182119

# Fri 11:04:38 11-Mar-2022
begin	identify iazcomp.0039 - Ap 39
	id	iazcomp.0039
	task	identify
	image	iazcomp.0039 - Ap 39
	aperture	39
	aplow	1498.08
	aphigh	1505.95
	units	Angstroms
	features	25
	         33.14 7030.24856  7030.2514   4.0 1 1 
	         77.91 7028.02419  7028.0228   4.0 1 1 
	        109.10 7026.46615  7026.4616   4.0 1 1 
	        133.89  7025.2225  7025.2251   4.0 1 1 
	        211.81 7021.28492  7021.2832   4.0 1 1 
	        227.54 7020.48443  7020.4841   4.0 1 1 
	        265.07 7018.56741  7018.5675   4.0 1 1 
	        328.31  7015.3137  7015.3172   4.0 1 1 
	        603.61 7000.80435  7000.8036   4.0 1 1 
	        746.77 6993.03508  6993.0371   4.0 1 1 
	        752.98 6992.69508  6992.6966   4.0 1 1 
	        761.68 6992.21744  6992.2126   4.0 1 1 
	        808.18 6989.65534  6989.6553   4.0 1 1 
	        873.49 6986.03025  6986.0298   4.0 1 1 
	        961.73 6981.08093  6981.0831   4.0 1 1 
	       1322.30 6960.25003    6960.25   4.0 1 1 
	       1416.30 6954.65956   6954.656   4.0 1 1 
	       1469.31 6951.47814  6951.4776   4.0 1 1 
	       1568.22 6945.48614  6945.4902   4.0 1 1 
	       1598.95 6943.60968  6943.6105   4.0 1 1 
	       1616.48 6942.53623   6942.538   4.0 1 1 
	       1695.56 6937.66564  6937.6642   4.0 1 1 
	       1711.89 6936.65422  6936.6528   4.0 1 1 
	       1897.67 6925.01068  6925.0094   4.0 1 1 
	       1975.82 6920.03843  6920.0394   4.0 1 1 
	function chebyshev
	order 5
	sample *
	naverage 1
	niterate 2000
	low_reject 3.
	high_reject 3.
	grow 0.
	coefficients	9
		1.
		5.
		33.1419906616211
		1975.817016601563
		6976.89965223644
		-55.10739656248571
		-1.759366141622679
		0.002335540699327929
		0.003209312494065298

# Tue 15:32:33 29-Mar-2022
begin	identify iazcomp.0039 - Ap 39
	id	iazcomp.0039
	task	identify
	image	iazcomp.0039 - Ap 39
	aperture	39
	aplow	1498.08
	aphigh	1505.95
	units	Angstroms
	features	25
	         33.81 7030.24783  7030.2514   4.0 1 1 
	         78.55 7028.02558  7028.0228   4.0 1 1 
	        109.74 7026.46744  7026.4616   4.0 1 1 
	        134.61 7025.21997  7025.2251   4.0 1 1 
	        212.53 7021.28268  7021.2832   4.0 1 1 
	        228.17 7020.48697  7020.4841   4.0 1 1 
	        265.74 7018.56798  7018.5675   4.0 1 1 
	        328.99 7015.31383  7015.3172   4.0 1 1 
	        604.27 7000.80444  7000.8036   4.0 1 1 
	        747.40 6993.03584  6993.0371   4.0 1 1 
	        753.65 6992.69326  6992.6966   4.0 1 1 
	        762.33 6992.21674  6992.2126   4.0 1 1 
	        808.81 6989.65588  6989.6553   4.0 1 1 
	        874.14  6986.0288  6986.0298   4.0 1 1 
	        962.30  6981.0835  6981.0831   4.0 1 1 
	       1322.88 6960.25014    6960.25   4.0 1 1 
	       1416.87  6954.6599   6954.656   4.0 1 1 
	       1469.88   6951.478  6951.4776   4.0 1 1 
	       1568.82  6945.4844  6945.4902   4.0 1 1 
	       1599.51 6943.61022  6943.6105   4.0 1 1 
	       1617.06 6942.53524   6942.538   4.0 1 1 
	       1696.13 6937.66556  6937.6642   4.0 1 1 
	       1712.43 6936.65589  6936.6528   4.0 1 1 
	       1898.23 6925.01091  6925.0094   4.0 1 1 
	       1976.39 6920.03812  6920.0394   4.0 1 1 
	function chebyshev
	order 5
	sample *
	naverage 1
	niterate 2000
	low_reject 3.
	high_reject 3.
	grow 0.
	coefficients	9
		1.
		5.
		33.81226348876953
		1976.393798828125
		6976.899252982973
		-55.10818752109376
		-1.75931632831977
		0.003328936266274053
		0.0030390137877072

# Mon 11:43:34 30-Jan-2023
begin	identify iazcomp.0039 - Ap 39
	id	iazcomp.0039
	task	identify
	image	iazcomp.0039 - Ap 39
	aperture	39
	aplow	1498.08
	aphigh	1505.95
	units	Angstroms
	features	21
	         38.12 7030.24359  7030.2514   4.0 1 1 
	         82.94 7028.02259  7028.0228   4.0 1 1 
	        114.18 7026.46467  7026.4616   4.0 1 1 
	        138.93 7025.22472  7025.2251   4.0 1 1 
	        216.84 7021.28905  7021.2832   4.0 1 1 
	        232.49 7020.49261  7020.4841   4.0 1 1 
	        270.09 7018.57126  7018.5675   4.0 1 1 
	        333.35 7015.31461  7015.3172   4.0 1 1 
	        340.13 7014.96405  7014.9689   4.0 1 1 
	        569.68 7002.88362  7002.8829   4.0 1 1 
	        608.61 7000.79655  7000.8036   4.0 1 1 
	        630.48 6999.61954  6999.6238   4.0 1 1 
	        734.08 6993.99687  6993.9873   4.0 1 1 
	        751.77 6993.02888  6993.0371   4.0 1 1 
	        766.70  6992.2105  6992.2126   4.0 1 1 
	        813.20 6989.65094  6989.6553   4.0 1 1 
	        878.50 6986.03017  6986.0298   4.0 1 1 
	        966.70 6981.09087  6981.0831   4.0 1 1 
	       1173.13 6969.30434  6969.2976   4.0 1 1 
	       1573.35 6945.48435  6945.4902   4.0 1 1 
	       1975.52 6920.04072  6920.0394   4.0 1 1 
	function chebyshev
	order 5
	sample *
	naverage 1
	niterate 2000
	low_reject 3.
	high_reject 3.
	grow 0.
	coefficients	9
		1.
		5.
		38.12232971191406
		1975.522827148438
		6977.009632395414
		-55.03834694726629
		-1.84136229698616
		-0.06308758366185132
		-0.02611059794160121

# Mon 13:58:05 06-Feb-2023
begin	identify iazcomp.0039 - Ap 39
	id	iazcomp.0039
	task	identify
	image	iazcomp.0039 - Ap 39
	aperture	39
	aplow	1498.08
	aphigh	1505.95
	units	Angstroms
	features	20
	         82.02  7028.0188  7028.0228   4.0 1 1 
	        113.23 7026.46262  7026.4616   4.0 1 1 
	        137.98 7025.22268  7025.2251   4.0 1 1 
	        215.88 7021.28819  7021.2832   4.0 1 1 
	        231.57 7020.49005  7020.4841   4.0 1 1 
	        269.13 7018.57151  7018.5675   4.0 1 1 
	        332.37 7015.31622  7015.3172   4.0 1 1 
	        339.24 7014.96093  7014.9689   4.0 1 1 
	        568.70 7002.88527  7002.8829   4.0 1 1 
	        607.59 7000.79976  7000.8036   4.0 1 1 
	        629.40 6999.62553  6999.6238   4.0 1 1 
	        750.71 6993.03126  6993.0371   4.0 1 1 
	        765.64 6992.21218  6992.2126   4.0 1 1 
	        812.13 6989.65163  6989.6553   4.0 1 1 
	        877.41 6986.02954  6986.0298   4.0 1 1 
	        887.28 6985.47936  6985.4718   4.0 1 1 
	        965.61 6981.08634  6981.0831   4.0 1 1 
	       1448.48 6952.96499  6952.9666   4.0 1 1 
	       1473.15  6951.4775  6951.4776   4.0 1 1 
	       1974.11 6920.03966  6920.0394   4.0 1 1 
	function chebyshev
	order 5
	sample *
	naverage 1
	niterate 2000
	low_reject 3.
	high_reject 3.
	grow 0.
	coefficients	9
		1.
		5.
		82.01708984374999
		1974.107421875
		6975.810264807369
		-53.93580331536412
		-1.760820703381565
		-0.05376806776311634
		-0.02021647168876969

