# Tue 22:33:04 07-Sep-2021
begin	identify iazcomp.0004 - Ap 4
	id	iazcomp.0004
	task	identify
	image	iazcomp.0004 - Ap 4
	aperture	4
	aplow	946.14
	aphigh	952.82
	units	Angstroms
	features	29
	         15.79 4170.53085  4170.5333   4.0 1 1 
	         80.30 4168.63687  4168.6341   4.0 1 1 
	        176.98 4165.76594  4165.7661   4.0 1 1 
	        229.78 4164.18112  4164.1795   4.0 1 1 
	        285.09 4162.50861   4162.509   4.0 1 1 
	        310.34 4161.74056  4161.7389   4.0 1 1 
	        413.04 4158.58865    4158.59   4.0 1 1 AI(2)
	        479.86 4156.51329  4156.5166   4.0 1 1 
	        537.15 4154.71852  4154.7205   4.0 1 1 
	        724.96 4148.73367  4148.7269   4.0 1 1 
	        742.10 4148.17949  4148.1816   4.0 1 1 
	        880.82 4143.64796  4143.6491   4.0 1 1 
	        909.54 4142.69926   4142.701   4.0 1 1 
	        983.50  4140.2388   4140.235   4.0 1 1 
	       1049.00 4138.03936  4138.0406   4.0 1 1 
	       1124.51  4135.4802    4135.48   4.0 1 1 
	       1165.83 4134.06896  4134.0681   4.0 1 1 
	       1234.04 4131.72293  4131.7235   4.0 1 1 
	       1254.85 4131.00271  4131.0021   4.0 1 1 
	       1322.78 4128.63952    4128.64   4.0 1 1 
	       1339.63 4128.05006  4128.0499   4.0 1 1 
	       1357.98 4127.40671   4127.412   4.0 1 1 
	       1453.21 4124.04458  4124.0403   4.0 1 1 
	       1657.09 4116.71305  4116.7137   4.0 1 1 
	       1683.28 4115.75817  4115.7589   4.0 1 1 
	       1765.15 4112.75416  4112.7545   4.0 1 1 
	       1817.21 4110.82933   4110.826   4.0 1 1 
	       1857.77 4109.32161  4109.3234   4.0 1 1 
	       1881.95 4108.41946  4108.4198   4.0 1 1 
	function chebyshev
	order 5
	sample *
	naverage 1
	niterate 100
	low_reject 3.
	high_reject 3.
	grow 0.
	coefficients	9
		1.
		5.
		15.79018878936768
		1881.947998046875
		4140.43185719491
		-31.05455463755785
		-0.9593506192061147
		-0.00114152717787244
		0.002651400540249568

# Fri 10:42:22 11-Mar-2022
begin	identify iazcomp.0004 - Ap 4
	id	iazcomp.0004
	task	identify
	image	iazcomp.0004 - Ap 4
	aperture	4
	aplow	946.14
	aphigh	952.82
	units	Angstroms
	features	30
	         85.67 4168.04443  4168.0464   4.0 1 1 
	        162.21 4165.76748  4165.7661   4.0 1 1 
	        215.02 4164.18235  4164.1795   4.0 1 1 
	        270.37 4162.50849   4162.509   4.0 1 1 
	        398.32 4158.58968    4158.59   4.0 1 1 
	        465.17 4156.51441  4156.5166   4.0 1 1 
	        522.46 4154.72033  4154.7205   4.0 1 1 
	        727.54 4148.18078  4148.1816   4.0 1 1 
	        866.29 4143.65033  4143.6491   4.0 1 1 
	        895.03 4142.70142   4142.701   4.0 1 1 
	        901.90   4142.474  4142.4741   4.0 1 1 
	       1034.55 4138.04144  4138.0406   4.0 1 1 
	       1110.09 4135.48209    4135.48   4.0 1 1 
	       1151.46 4134.06969  4134.0681   4.0 1 1 
	       1189.95 4132.74892  4132.7533   4.0 1 1 
	       1219.70 4131.72335  4131.7235   4.0 1 1 
	       1240.56 4131.00206  4131.0021   4.0 1 1 
	       1308.45 4128.64068    4128.64   4.0 1 1 
	       1325.37 4128.04911  4128.0499   4.0 1 1 
	       1439.04 4124.04193  4124.0403   4.0 1 1 
	       1643.00 4116.71161  4116.7137   4.0 1 1 
	       1669.21 4115.75699  4115.7589   4.0 1 1 
	       1751.10 4112.75486  4112.7545   4.0 1 1 
	       1803.30 4110.82712   4110.826   4.0 1 1 
	       1843.77 4109.32442  4109.3234   4.0 1 1 
	       1868.07 4108.41925  4108.4198   4.0 1 1 
	       1904.64  4107.0521  4107.0506   4.0 1 1 
	       1963.45  4104.8426  4104.8385   4.0 1 1 
	       1975.64 4104.38298  4104.3821   4.0 1 1 
	       1988.26  4103.9064  4103.9121   4.0 1 1 
	function chebyshev
	order 5
	sample *
	naverage 1
	niterate 100
	low_reject 3.
	high_reject 3.
	grow 0.
	coefficients	9
		1.
		5.
		85.67077636718749
		1988.258911132813
		4136.963138081279
		-32.07166470700571
		-0.9922571144845471
		0.002646263474027643
		0.004534542198800401

# Tue 15:05:04 29-Mar-2022
begin	identify iazcomp.0004 - Ap 4
	id	iazcomp.0004
	task	identify
	image	iazcomp.0004 - Ap 4
	aperture	4
	aplow	946.14
	aphigh	952.82
	units	Angstroms
	features	30
	         85.53 4168.05402  4168.0464   4.0 1 1 
	        162.86 4165.76009  4165.7661   4.0 1 1 
	        215.72 4164.17687  4164.1795   4.0 1 1 
	        271.12 4162.50456   4162.509   4.0 1 1 
	        399.03 4158.59107    4158.59   4.0 1 1 
	        465.90  4156.5161  4156.5166   4.0 1 1 
	        523.10 4154.72512  4154.7205   4.0 1 1 
	        728.21 4148.18353  4148.1816   4.0 1 1 
	        866.95 4143.65178  4143.6491   4.0 1 1 
	        895.68 4142.70255   4142.701   4.0 1 1 
	        902.68 4142.47079  4142.4741   4.0 1 1 
	       1035.18 4138.04161  4138.0406   4.0 1 1 
	       1110.72  4135.4816    4135.48   4.0 1 1 
	       1152.08 4134.06926  4134.0681   4.0 1 1 
	       1190.58 4132.74795  4132.7533   4.0 1 1 
	       1220.33 4131.72216  4131.7235   4.0 1 1 
	       1241.18 4131.00119  4131.0021   4.0 1 1 
	       1309.07 4128.63962    4128.64   4.0 1 1 
	       1325.94 4128.04987  4128.0499   4.0 1 1 
	       1439.67 4124.04049  4124.0403   4.0 1 1 
	       1643.62 4116.71142  4116.7137   4.0 1 1 
	       1669.80 4115.75745  4115.7589   4.0 1 1 
	       1751.72 4112.75481  4112.7545   4.0 1 1 
	       1803.80 4110.83085   4110.826   4.0 1 1 
	       1844.34 4109.32566  4109.3234   4.0 1 1 
	       1868.59 4108.42216  4108.4198   4.0 1 1 
	       1905.25 4107.05147  4107.0506   4.0 1 1 
	       1964.23 4104.83471  4104.8385   4.0 1 1 
	       1976.15 4104.38499  4104.3821   4.0 1 1 
	       1988.78 4103.90757  4103.9121   4.0 1 1 
	function chebyshev
	order 5
	sample *
	naverage 1
	niterate 100
	low_reject 3.
	high_reject 3.
	grow 0.
	coefficients	9
		1.
		5.
		85.52696228027343
		1988.784912109375
		4136.975859174792
		-32.07975311780174
		-0.9971463730959432
		0.006525857784017594
		0.002082064450089442

# Mon 11:31:56 30-Jan-2023
begin	identify iazcomp.0004 - Ap 4
	id	iazcomp.0004
	task	identify
	image	iazcomp.0004 - Ap 4
	aperture	4
	aplow	946.14
	aphigh	952.82
	units	Angstroms
	features	31
	          5.80 4170.53014  4170.5333   4.0 1 1 
	         70.30  4168.6371  4168.6341   4.0 1 1 
	        167.00 4165.76645  4165.7661   4.0 1 1 
	        219.81  4164.1822  4164.1795   4.0 1 1 
	        275.18  4162.5085   4162.509   4.0 1 1 
	        403.17 4158.58968  4158.5905   4.0 1 1 
	        470.04 4156.51372  4156.5166   4.0 1 1 
	        527.33 4154.71999  4154.7205   4.0 1 1 
	        715.38 4148.73025  4148.7269   4.0 1 1 
	        732.37 4148.18171  4148.1816   4.0 1 1 
	        752.20 4147.53921  4147.5396   4.0 1 1 
	        871.21 4143.64865  4143.6491   4.0 1 1 
	        899.91 4142.70088   4142.701   4.0 1 1 
	        906.82 4142.47202  4142.4741   4.0 1 1 
	       1039.48 4138.03956  4138.0406   4.0 1 1 
	       1114.97 4135.48236    4135.48   4.0 1 1 
	       1148.95  4134.3233  4134.3235   4.0 1 1 
	       1156.41 4134.06797  4134.0681   4.0 1 1 
	       1224.63 4131.72294  4131.7235   4.0 1 1 
	       1245.47 4131.00237  4131.0021   4.0 1 1 
	       1313.40 4128.64021    4128.64   4.0 1 1 
	       1330.24 4128.05162  4128.0499   4.0 1 1 
	       1444.05 4124.04072  4124.0403   4.0 1 1 
	       1648.01 4116.71223  4116.7137   4.0 1 1 
	       1674.21 4115.75782  4115.7589   4.0 1 1 
	       1756.18 4112.75349  4112.7545   4.0 1 1 
	       1808.26 4110.83009   4110.826   4.0 1 1 
	       1848.90 4109.32131  4109.3234   4.0 1 1 
	       1873.12 4108.41898  4108.4198   4.0 1 1 
	       1940.00  4105.9145   4105.915   4.0 1 1 
	       1980.65 4104.38332  4104.3821   4.0 1 1 
	function chebyshev
	order 5
	sample *
	naverage 1
	niterate 100
	low_reject 3.
	high_reject 3.
	grow 0.
	coefficients	9
		1.
		5.
		5.798581123352051
		1980.652709960938
		4138.521382290359
		-33.07497692376136
		-1.068631030164643
		0.001568132870111703
		0.003979305015403722

# Mon 13:56:36 06-Feb-2023
begin	identify iazcomp.0004 - Ap 4
	id	iazcomp.0004
	task	identify
	image	iazcomp.0004 - Ap 4
	aperture	4
	aplow	946.14
	aphigh	952.82
	units	Angstroms
	features	31
	          5.09  4170.5296  4170.5333   4.0 1 1 
	         69.52  4168.6373  4168.6341   4.0 1 1 
	        166.19 4165.76632  4165.7661   4.0 1 1 
	        218.99 4164.18172  4164.1795   4.0 1 1 
	        274.26 4162.51056   4162.509   4.0 1 1 
	        402.30 4158.58915  4158.5905   4.0 1 1 
	        469.13 4156.51441  4156.5166   4.0 1 1 
	        526.43 4154.71987  4154.7205   4.0 1 1 
	        714.32 4148.73471  4148.7269   4.0 1 0 
	        731.41 4148.18234  4148.1816   4.0 1 1 
	        751.26  4147.5394  4147.5396   4.0 1 1 
	        870.22 4143.64955  4143.6491   4.0 1 1 
	        898.93 4142.70117   4142.701   4.0 1 1 
	        905.92 4142.46976  4142.4741   4.0 1 1 
	       1038.41 4138.04201  4138.0406   4.0 1 1 
	       1113.97 4135.48186    4135.48   4.0 1 1 
	       1147.95 4134.32212  4134.3235   4.0 1 1 
	       1155.31 4134.07009  4134.0681   4.0 1 1 
	       1223.55 4131.72327  4131.7235   4.0 1 1 
	       1244.40  4131.0024  4131.0021   4.0 1 1 
	       1312.31 4128.64013    4128.64   4.0 1 1 
	       1329.11 4128.05274  4128.0499   4.0 1 1 
	       1442.94 4124.03933  4124.0403   4.0 1 1 
	       1646.80 4116.71153  4116.7137   4.0 1 1 
	       1672.99 4115.75722  4115.7589   4.0 1 1 
	       1754.92 4112.75338  4112.7545   4.0 1 1 
	       1806.98 4110.82999   4110.826   4.0 1 1 
	       1847.59 4109.32195  4109.3234   4.0 1 1 
	       1871.81 4108.41937  4108.4198   4.0 1 1 
	       1938.67 4105.91538   4105.915   4.0 1 1 
	       1979.37 4104.38246  4104.3821   4.0 1 1 
	function chebyshev
	order 5
	sample *
	naverage 1
	niterate 100
	low_reject 3.
	high_reject 3.
	grow 0.
	coefficients	9
		1.
		5.
		5.094898223876953
		1979.36767578125
		4138.520283910962
		-33.07489870504258
		-1.069114124232582
		0.001332384698216289
		0.004859601880751957

