# Tue 22:46:55 07-Sep-2021
begin	identify iazcomp.0041 - Ap 41
	id	iazcomp.0041
	task	identify
	image	iazcomp.0041 - Ap 41
	aperture	41
	aplow	1520.09
	aphigh	1527.67
	units	Angstroms
	features	24
	         71.82 7316.00359   7316.005   4.0 1 1 
	         89.89 7315.06804  7315.0661   4.0 1 1 
	        154.25 7311.71489  7311.7159   4.0 1 1 
	        273.75 7305.40422  7305.4043   4.0 1 1 
	        408.71 7298.14357  7298.1434   4.0 1 1 
	        443.20 7296.26484  7296.2659   4.0 1 1 
	        638.62 7285.44802  7285.4437   4.0 1 1 
	        648.32 7284.90292  7284.9033   4.0 1 1 
	        991.32 7265.17207  7265.1724   4.0 1 1 
	       1109.32  7258.1722   7258.177   4.0 1 1 
	       1156.30 7255.35522  7255.3541   4.0 1 1 
	       1308.27 7246.12486  7246.1277   4.0 1 1 
	       1331.54 7244.69557  7244.6965   4.0 1 1 
	       1373.72 7242.09394  7242.0919   4.0 1 1 
	       1404.53 7240.18483  7240.1848   4.0 1 1 
	       1553.26 7230.86495  7230.8623   4.0 1 1 
	       1567.87 7229.94026   7229.938   4.0 1 1 
	       1643.73 7225.11149  7225.1099   4.0 1 1 
	       1708.07 7220.98153  7220.9809   4.0 1 1 
	       1736.41 7219.15145  7219.1515   4.0 1 1 
	       1753.42 7218.05021  7218.0542   4.0 1 1 
	       1835.73 7212.68985  7212.6896   4.0 1 1 
	       1922.52 7206.98059  7206.9804   4.0 1 1 
	       2026.77 7200.04509  7200.0454   4.0 1 1 
	function chebyshev
	order 4
	sample *
	naverage 1
	niterate 2000
	low_reject 3.
	high_reject 3.
	grow 0.
	coefficients	8
		1.
		4.
		71.81562042236327
		2026.768310546875
		7259.885497276096
		-57.97862937694833
		-1.861152825367781
		-6.207868805557565E-4

# Fri 11:06:11 11-Mar-2022
begin	identify iazcomp.0041 - Ap 41
	id	iazcomp.0041
	task	identify
	image	iazcomp.0041 - Ap 41
	aperture	41
	aplow	1520.09
	aphigh	1527.67
	units	Angstroms
	features	27
	         55.62  7316.0021   7316.005   4.0 1 1 
	         73.66 7315.06838  7315.0661   4.0 1 1 
	        138.04 7311.71643  7311.7159   4.0 1 1 
	        257.68  7305.4011  7305.4043   4.0 1 1 
	        392.58 7298.14715  7298.1434   4.0 1 1 
	        427.12 7296.26698  7296.2659   4.0 1 1 
	        632.32  7284.9052  7284.9033   4.0 1 1 
	        881.65 7270.65945  7270.6636   4.0 1 1 
	        975.46 7265.17403  7265.1724   4.0 1 1 
	       1093.54 7258.17253   7258.177   4.0 1 1 
	       1140.52 7255.35649  7255.3541   4.0 1 1 
	       1292.56 7246.12601  7246.1277   4.0 1 1 
	       1315.86 7244.69587  7244.6965   4.0 1 1 
	       1358.07 7242.09408  7242.0919   4.0 1 1 
	       1388.93 7240.18241  7240.1848   4.0 1 1 
	       1537.72  7230.8641  7230.8623   4.0 1 1 
	       1552.32 7229.94057   7229.938   4.0 1 1 
	       1628.25 7225.11037  7225.1099   4.0 1 1 
	       1692.61 7220.98093  7220.9809   4.0 1 1 
	       1720.97 7219.15086  7219.1515   4.0 1 1 
	       1820.36 7212.68922  7212.6896   4.0 1 1 
	       1907.20 7206.98054  7206.9804   4.0 1 1 
	       1914.67 7206.48663   7206.483   4.0 1 1 
	       1974.53 7202.51389  7202.5166   4.0 1 1 
	       1979.36  7202.1923   7202.191   4.0 1 1 
	       1985.17 7201.80535  7201.8091   4.0 1 1 
	       2011.50  7200.0466  7200.0454   4.0 1 1 
	function chebyshev
	order 4
	sample *
	naverage 1
	niterate 2000
	low_reject 3.
	high_reject 3.
	grow 0.
	coefficients	8
		1.
		4.
		55.61774444580078
		2011.501953125
		7259.883524227996
		-57.97838771689713
		-1.859172988031486
		6.347955894928807E-4

# Tue 15:32:35 29-Mar-2022
begin	identify iazcomp.0041 - Ap 41
	id	iazcomp.0041
	task	identify
	image	iazcomp.0041 - Ap 41
	aperture	41
	aplow	1520.09
	aphigh	1527.67
	units	Angstroms
	features	26
	         56.32 7316.00165   7316.005   4.0 1 1 
	         74.39 7315.06634  7315.0661   4.0 1 1 
	        138.71 7311.71723  7311.7159   4.0 1 1 
	        258.30 7305.40436  7305.4043   4.0 1 1 
	        393.24 7298.14745  7298.1434   4.0 1 1 
	        427.81 7296.26582  7296.2659   4.0 1 1 
	        632.97 7284.90542  7284.9033   4.0 1 1 
	        882.28 7270.65898  7270.6636   4.0 1 1 
	        976.09 7265.17352  7265.1724   4.0 1 1 
	       1094.14 7258.17291   7258.177   4.0 1 1 
	       1141.14 7255.35582  7255.3541   4.0 1 1 
	       1293.18 7246.12432  7246.1277   4.0 1 1 
	       1316.45 7244.69599  7244.6965   4.0 1 1 
	       1358.66 7242.09355  7242.0919   4.0 1 1 
	       1389.50 7240.18319  7240.1848   4.0 1 1 
	       1538.29  7230.8643  7230.8623   4.0 1 1 
	       1552.88 7229.94083   7229.938   4.0 1 1 
	       1628.79 7225.11187  7225.1099   4.0 1 1 
	       1693.17 7220.98093  7220.9809   4.0 1 1 
	       1721.53 7219.15141  7219.1515   4.0 1 1 
	       1820.92  7212.6891  7212.6896   4.0 1 1 
	       1907.74 7206.98178  7206.9804   4.0 1 1 
	       1915.23 7206.48624   7206.483   4.0 1 1 
	       1975.11 7202.51247  7202.5166   4.0 1 1 
	       1985.69 7201.80751  7201.8091   4.0 1 1 
	       2012.07  7200.0456  7200.0454   4.0 1 1 
	function chebyshev
	order 4
	sample *
	naverage 1
	niterate 2000
	low_reject 3.
	high_reject 3.
	grow 0.
	coefficients	8
		1.
		4.
		56.31626510620117
		2012.069458007813
		7259.882528349319
		-57.97901734074595
		-1.858902909645447
		9.940151330509626E-4

# Mon 11:44:02 30-Jan-2023
begin	identify iazcomp.0041 - Ap 41
	id	iazcomp.0041
	task	identify
	image	iazcomp.0041 - Ap 41
	aperture	41
	aplow	1520.09
	aphigh	1527.67
	units	Angstroms
	features	28
	         60.60 7316.00213   7316.005   4.0 1 1 
	         78.61 7315.07028  7315.0661   4.0 1 1 
	        143.05 7311.71458  7311.7159   4.0 1 1 
	        262.66 7305.40132  7305.4043   4.0 1 1 
	        397.60 7298.14528  7298.1434   4.0 1 1 
	        432.13 7296.26534  7296.2659   4.0 1 1 
	        627.62 7285.44992  7285.4437   4.0 1 1 
	        637.34 7284.90417  7284.9033   4.0 1 1 
	        886.67 7270.65961  7270.6636   4.0 1 1 
	        980.50   7265.174  7265.1724   4.0 1 1 
	       1098.57 7258.17367   7258.177   4.0 1 1 
	       1118.53 7256.97985   7256.986   4.0 1 1 
	       1145.58 7255.35643  7255.3541   4.0 1 1 
	       1297.64 7246.12619  7246.1277   4.0 1 1 
	       1320.93 7244.69648  7244.6965   4.0 1 1 
	       1363.15  7242.0938  7242.0919   4.0 1 1 
	       1542.81 7230.86482  7230.8623   4.0 1 1 
	       1557.42 7229.94096   7229.938   4.0 1 1 
	       1633.34 7225.11162  7225.1099   4.0 1 1 
	       1697.69 7220.98315  7220.9809   4.0 1 1 
	       1726.11 7219.15024  7219.1515   4.0 1 1 
	       1743.12 7218.04986  7218.0542   4.0 1 1 
	       1825.48 7212.68958  7212.6896   4.0 1 1 
	       1912.34 7206.98044  7206.9804   4.0 1 1 
	       1919.83 7206.48542   7206.483   4.0 1 1 
	       1979.65 7202.51526  7202.5166   4.0 1 1 
	       1990.30 7201.80604  7201.8091   4.0 1 1 
	       2016.63 7200.04727  7200.0454   4.0 1 1 
	function chebyshev
	order 4
	sample *
	naverage 1
	niterate 2000
	low_reject 3.
	high_reject 3.
	grow 0.
	coefficients	8
		1.
		4.
		60.59959793090821
		2016.634155273437
		7259.883260593207
		-57.97753760637072
		-1.858561605806632
		1.062509161205475E-4

# Mon 13:58:10 06-Feb-2023
begin	identify iazcomp.0041 - Ap 41
	id	iazcomp.0041
	task	identify
	image	iazcomp.0041 - Ap 41
	aperture	41
	aplow	1520.09
	aphigh	1527.67
	units	Angstroms
	features	28
	         59.70 7316.00244   7316.005   4.0 1 1 
	         77.73  7315.0691  7315.0661   4.0 1 1 
	        142.15 7311.71403  7311.7159   4.0 1 1 
	        261.68  7305.4032  7305.4043   4.0 1 1 
	        396.67 7298.14271  7298.1434   4.0 1 1 
	        431.11  7296.2679  7296.2659   4.0 1 1 
	        626.57 7285.45111  7285.4437   4.0 1 1 
	        636.31 7284.90433  7284.9033   4.0 1 1 
	        885.61 7270.65802  7270.6636   4.0 1 1 
	        979.38 7265.17395  7265.1724   4.0 1 1 
	       1097.43 7258.17374   7258.177   4.0 1 1 
	       1117.39 7256.97916   7256.986   4.0 1 1 
	       1144.43 7255.35619  7255.3541   4.0 1 1 
	       1296.45 7246.12545  7246.1277   4.0 1 1 
	       1319.73 7244.69647  7244.6965   4.0 1 1 
	       1361.94 7242.09378  7242.0919   4.0 1 1 
	       1541.54 7230.86579  7230.8623   4.0 1 1 
	       1556.16 7229.94066   7229.938   4.0 1 1 
	       1632.06 7225.11173  7225.1099   4.0 1 1 
	       1696.43 7220.98134  7220.9809   4.0 1 1 
	       1724.78  7219.1523  7219.1515   4.0 1 1 
	       1741.80 7218.05108  7218.0542   4.0 1 1 
	       1824.17 7212.68934  7212.6896   4.0 1 1 
	       1910.99 7206.98124  7206.9804   4.0 1 1 
	       1918.47 7206.48675   7206.483   4.0 1 1 
	       1978.35 7202.51221  7202.5166   4.0 1 1 
	       1988.93 7201.80722  7201.8091   4.0 1 1 
	       2015.29 7200.04646  7200.0454   4.0 1 1 
	function chebyshev
	order 4
	sample *
	naverage 1
	niterate 2000
	low_reject 3.
	high_reject 3.
	grow 0.
	coefficients	8
		1.
		4.
		59.6988182067871
		2015.2890625
		7259.882927188179
		-57.9783067061485
		-1.858478048794219
		3.165160555207863E-4

