# Tue 22:45:05 07-Sep-2021
begin	identify iazcomp.0035 - Ap 35
	id	iazcomp.0035
	task	identify
	image	iazcomp.0035 - Ap 35
	aperture	35
	aplow	1451.9
	aphigh	1460.54
	units	Angstroms
	features	31
	        192.71 6512.35914  6512.3639   4.0 1 1 
	        262.96 6509.05048  6509.0503   4.0 1 1 
	        306.40 6506.98703  6506.9868   4.0 1 1 
	        378.88 6503.51476  6503.5111   4.0 1 1 
	        410.42  6501.9927  6501.9919   4.0 1 1 
	        469.73 6499.11081  6499.1061   4.0 1 1 
	        502.81  6497.4929  6497.4919   4.0 1 1 
	        574.34 6493.96859  6493.9694   4.0 1 1 
	        589.89 6493.19767  6493.1975   4.0 1 1 
	        639.31 6490.73604  6490.7372   4.0 1 1 
	        676.40 6488.87797  6488.8832   4.0 1 1 
	        704.16 6487.48066  6487.4811   4.0 1 1 
	        745.67 6485.38126  6485.3759   4.0 1 1 
	        790.86 6483.08206  6483.0825   4.0 1 1 
	       1019.94 6471.20833  6471.2131   4.0 1 1 
	       1210.35   6461.061  6461.0596   4.0 1 1 
	       1221.20 6460.47517   6460.475   4.0 1 1 
	       1280.10 6457.28097  6457.2824   4.0 1 1 
	       1317.08 6455.26318  6455.2647   4.0 1 1 
	       1375.41 6452.06081  6452.0591   4.0 1 1 
	       1395.50 6450.95244  6450.9557   4.0 1 1 
	       1412.60 6450.00684   6450.006   4.0 1 1 
	       1470.86 6446.77023  6446.7712   4.0 1 1 
	       1522.93 6443.85699  6443.8598   4.0 1 1 
	       1557.66 6441.90365  6441.8994   4.0 1 1 
	       1739.17 6431.55884   6431.555   4.0 1 1 
	       1787.31 6428.77713  6428.7733   4.0 1 1 
	       1888.18 6422.89558  6422.8969   4.0 1 1 
	       1964.99 6418.37043  6418.3703   4.0 1 1 
	       1999.79  6416.3062  6416.3071   4.0 1 1 
	       2012.76 6415.53496  6415.5374   4.0 1 1 
	function chebyshev
	order 4
	sample *
	naverage 1
	niterate 2000
	low_reject 3.
	high_reject 3.
	grow 0.
	coefficients	8
		1.
		4.
		192.7117309570313
		2012.763549804688
		6465.387049988905
		-48.41367289672986
		-1.440000197469929
		0.001582970095425396

# Fri 11:02:37 11-Mar-2022
begin	identify iazcomp.0035 - Ap 35
	id	iazcomp.0035
	task	identify
	image	iazcomp.0035 - Ap 35
	aperture	35
	aplow	1451.9
	aphigh	1460.54
	units	Angstroms
	features	32
	        176.67 6512.35961  6512.3639   4.0 1 1 
	        246.96 6509.05023  6509.0503   4.0 1 1 
	        290.45 6506.98569  6506.9868   4.0 1 1 
	        362.97 6503.51341  6503.5111   4.0 1 1 
	        394.46 6501.99397  6501.9919   4.0 1 1 
	        453.81 6499.11188  6499.1061   4.0 1 1 
	        486.93 6497.49277  6497.4919   4.0 1 1 
	        558.46 6493.96993  6493.9694   4.0 1 1 
	        574.02 6493.19859  6493.1975   4.0 1 1 
	        623.47  6490.7369  6490.7372   4.0 1 1 
	        660.58 6488.87848  6488.8832   4.0 1 1 
	        688.35 6487.48149  6487.4811   4.0 1 1 
	        775.10 6483.08257  6483.0825   4.0 1 1 
	       1004.27 6471.20978  6471.2131   4.0 1 1 
	       1071.20 6467.67353  6467.6754   4.0 1 1 
	       1194.81 6461.06025  6461.0596   4.0 1 1 
	       1205.65 6460.47564   6460.475   4.0 1 1 
	       1264.57 6457.28147  6457.2824   4.0 1 1 
	       1301.55 6455.26488  6455.2647   4.0 1 1 
	       1359.95 6452.06061  6452.0591   4.0 1 1 
	       1380.07 6450.95073  6450.9557   4.0 1 1 
	       1397.16 6450.00641   6450.006   4.0 1 1 
	       1455.43 6446.77078  6446.7712   4.0 1 1 
	       1507.49  6443.8597  6443.8598   4.0 1 1 
	       1542.31 6441.90269  6441.8994   4.0 1 1 
	       1723.90  6431.5586   6431.555   4.0 1 1 
	       1772.07 6428.77652  6428.7733   4.0 1 1 
	       1873.01 6422.89526  6422.8969   4.0 1 1 
	       1949.83 6418.37154  6418.3703   4.0 1 1 
	       1984.68 6416.30615  6416.3071   4.0 1 1 
	       1997.70 6415.53241  6415.5374   4.0 1 1 
	       2029.86 6413.61633  6413.6145   4.0 1 1 
	function chebyshev
	order 4
	sample *
	naverage 1
	niterate 2000
	low_reject 3.
	high_reject 3.
	grow 0.
	coefficients	8
		1.
		4.
		176.6705780029297
		2029.8583984375
		6464.478025233495
		-49.37365214606621
		-1.49006010601238
		0.002012205970955489

# Tue 15:32:28 29-Mar-2022
begin	identify iazcomp.0035 - Ap 35
	id	iazcomp.0035
	task	identify
	image	iazcomp.0035 - Ap 35
	aperture	35
	aplow	1451.9
	aphigh	1460.54
	units	Angstroms
	features	32
	        177.38  6512.3579  6512.3639   4.0 1 1 
	        247.62 6509.05062  6509.0503   4.0 1 1 
	        291.09 6506.98668  6506.9868   4.0 1 1 
	        363.60  6503.5145  6503.5111   4.0 1 1 
	        395.13 6501.99323  6501.9919   4.0 1 1 
	        454.45  6499.1121  6499.1061   4.0 1 1 
	        487.54  6497.4947  6497.4919   4.0 1 1 
	        559.11 6493.96948  6493.9694   4.0 1 1 
	        574.68 6493.19783  6493.1975   4.0 1 1 
	        624.11 6490.73673  6490.7372   4.0 1 1 
	        661.21 6488.87868  6488.8832   4.0 1 1 
	        688.99 6487.48081  6487.4811   4.0 1 1 
	        775.72 6483.08231  6483.0825   4.0 1 1 
	       1004.87 6471.20958  6471.2131   4.0 1 1 
	       1071.80 6467.67298  6467.6754   4.0 1 1 
	       1195.39 6461.06027  6461.0596   4.0 1 1 
	       1206.25 6460.47437   6460.475   4.0 1 1 
	       1265.10 6457.28423  6457.2824   4.0 1 1 
	       1302.13 6455.26421  6455.2647   4.0 1 1 
	       1360.51 6452.06075  6452.0591   4.0 1 1 
	       1380.64 6450.95093  6450.9557   4.0 1 1 
	       1397.72 6450.00681   6450.006   4.0 1 1 
	       1456.01 6446.76977  6446.7712   4.0 1 1 
	       1508.06 6443.85917  6443.8598   4.0 1 1 
	       1542.85 6441.90305  6441.8994   4.0 1 1 
	       1724.47 6431.55768   6431.555   4.0 1 1 
	       1772.61 6428.77693  6428.7733   4.0 1 1 
	       1873.51 6422.89737  6422.8969   4.0 1 1 
	       1950.38 6418.37122  6418.3703   4.0 1 1 
	       1985.24 6416.30516  6416.3071   4.0 1 1 
	       1998.22 6415.53368  6415.5374   4.0 1 1 
	       2030.42 6413.61505  6413.6145   4.0 1 1 
	function chebyshev
	order 4
	sample *
	naverage 1
	niterate 2000
	low_reject 3.
	high_reject 3.
	grow 0.
	coefficients	8
		1.
		4.
		177.3762512207031
		2030.416015625
		6464.476175472273
		-49.37368267698214
		-1.489696145727852
		0.002257364218168326

# Mon 11:40:46 30-Jan-2023
begin	identify iazcomp.0035 - Ap 35
	id	iazcomp.0035
	task	identify
	image	iazcomp.0035 - Ap 35
	aperture	35
	aplow	1451.9
	aphigh	1460.54
	units	Angstroms
	features	33
	        251.97 6509.04787  6509.0503   4.0 1 1 
	        295.45 6506.98355  6506.9868   4.0 1 1 
	        367.93 6503.51341  6503.5111   4.0 1 1 
	        399.45 6501.99258  6501.9919   4.0 1 1 
	        458.75 6499.11318  6499.1061   4.0 1 1 
	        491.90 6497.49282  6497.4919   4.0 1 1 
	        563.48 6493.96803  6493.9694   4.0 1 1 
	        579.01 6493.19835  6493.1975   4.0 1 1 
	        628.48 6490.73594  6490.7372   4.0 1 1 
	        665.59 6488.87793  6488.8832   4.0 1 1 
	        693.35 6487.48162  6487.4811   4.0 1 1 
	        734.94 6485.37922  6485.3759   4.0 1 1 
	        780.12 6483.08225  6483.0825   4.0 1 1 
	       1009.31 6471.21012  6471.2131   4.0 1 1 
	       1076.24 6467.67436  6467.6754   4.0 1 1 
	       1199.86 6461.06223  6461.0596   4.0 1 1 
	       1210.72 6460.47628   6460.475   4.0 1 1 
	       1269.65 6457.28242  6457.2824   4.0 1 1 
	       1306.68 6455.26329  6455.2647   4.0 1 1 
	       1365.04 6452.06146  6452.0591   4.0 1 1 
	       1385.18 6450.95127  6450.9557   4.0 1 1 
	       1402.27 6450.00648   6450.006   4.0 1 1 
	       1460.55 6446.77066  6446.7712   4.0 1 1 
	       1480.91 6445.63473  6445.6407   4.0 1 1 
	       1512.62 6443.85958  6443.8598   4.0 1 1 
	       1547.40 6441.90478  6441.8994   4.0 1 1 
	       1729.06  6431.5581   6431.555   4.0 1 1 
	       1777.23 6428.77654  6428.7733   4.0 1 1 
	       1878.12 6422.89829  6422.8969   4.0 1 1 
	       1891.67 6422.10299  6422.1075   4.0 1 1 
	       1954.98 6418.37253  6418.3703   4.0 1 1 
	       1989.85 6416.30611  6416.3071   4.0 1 1 
	       2002.81 6415.53553  6415.5374   4.0 1 1 
	function chebyshev
	order 4
	sample *
	naverage 1
	niterate 2000
	low_reject 3.
	high_reject 3.
	grow 0.
	coefficients	8
		1.
		4.
		251.9661102294922
		2002.812866210937
		6463.62161629306
		-46.75733151643802
		-1.329915442472109
		0.00115791857660359

# Mon 13:57:31 06-Feb-2023
begin	identify iazcomp.0035 - Ap 35
	id	iazcomp.0035
	task	identify
	image	iazcomp.0035 - Ap 35
	aperture	35
	aplow	1451.9
	aphigh	1460.54
	units	Angstroms
	features	33
	        251.01 6509.04895  6509.0503   4.0 1 1 
	        294.47 6506.98544  6506.9868   4.0 1 1 
	        366.98  6503.5131  6503.5111   4.0 1 1 
	        398.48 6501.99295  6501.9919   4.0 1 1 
	        457.72 6499.11617  6499.1061   4.0 1 0 
	        490.92 6497.49277  6497.4919   4.0 1 1 
	        562.44 6493.96999  6493.9694   4.0 1 1 
	        578.01  6493.1983  6493.1975   4.0 1 1 
	        627.44 6490.73699  6490.7372   4.0 1 1 
	        664.52 6488.87961  6488.8832   4.0 1 1 
	        692.31 6487.48176  6487.4811   4.0 1 1 
	        733.94 6485.37696  6485.3759   4.0 1 1 
	        779.04 6483.08302  6483.0825   4.0 1 1 
	       1008.16  6471.2107  6471.2131   4.0 1 1 
	       1075.08 6467.67438  6467.6754   4.0 1 1 
	       1198.70 6461.06019  6461.0596   4.0 1 1 
	       1209.49 6460.47755   6460.475   4.0 1 1 
	       1268.35 6457.28647  6457.2824   4.0 1 1 
	       1305.42 6455.26441  6455.2647   4.0 1 1 
	       1363.80 6452.06042  6452.0591   4.0 1 1 
	       1383.92 6450.95128  6450.9557   4.0 1 1 
	       1401.01 6450.00606   6450.006   4.0 1 1 
	       1459.27 6446.77034  6446.7712   4.0 1 1 
	       1479.62  6445.6349  6445.6407   4.0 1 1 
	       1511.36 6443.85739  6443.8598   4.0 1 1 
	       1546.12 6441.90339  6441.8994   4.0 1 1 
	       1727.71 6431.55835   6431.555   4.0 1 1 
	       1775.87 6428.77659  6428.7733   4.0 1 1 
	       1876.74 6422.89861  6422.8969   4.0 1 1 
	       1890.31 6422.10203  6422.1075   4.0 1 1 
	       1953.57 6418.37441  6418.3703   4.0 1 1 
	       1988.45 6416.30649  6416.3071   4.0 1 1 
	       2001.44 6415.53461  6415.5374   4.0 1 1 
	function chebyshev
	order 4
	sample *
	naverage 1
	niterate 2000
	low_reject 3.
	high_reject 3.
	grow 0.
	coefficients	8
		1.
		4.
		251.0069274902343
		2001.441284179688
		6463.62128847861
		-46.75923248214426
		-1.32951152536567
		0.002063587791953068

