# Tue 22:47:58 07-Sep-2021
begin	identify iazcomp.0047 - Ap 47
	id	iazcomp.0047
	task	identify
	image	iazcomp.0047 - Ap 47
	aperture	47
	aplow	1580.34
	aphigh	1588.98
	units	Angstroms
	features	16
	         89.37 8335.70535  8335.7067   4.0 1 1 
	        177.67 8330.45051  8330.4494   4.0 1 1 
	        336.02 8320.85425  8320.8554   4.0 1 1 
	        484.87 8311.63275  8311.6306   4.0 1 1 
	        712.10 8297.17712  8297.1765   4.0 1 1 
	        846.45 8288.41585  8288.4143   4.0 1 1 
	       1038.35 8275.62471  8275.6266   4.0 1 1 
	       1251.84 8261.01027  8261.0143   4.0 1 1 
	       1273.37 8259.51401   8259.511   4.0 1 1 
	       1357.73 8253.61196  8253.6156   4.0 1 1 
	       1375.05 8252.39198  8252.3936   4.0 1 1 
	       1618.82 8234.94457  8234.9381   4.0 1 1 
	       1667.37 8231.40617  8231.4069   4.0 1 1 
	       1859.10 8217.22956  8217.2264   4.0 1 1 
	       1962.54 8209.44524  8209.4461   4.0 1 1 
	       1988.51 8207.47568  8207.4785   4.0 1 1 
	function chebyshev
	order 4
	sample *
	naverage 1
	niterate 0
	low_reject 3.
	high_reject 3.
	grow 0.
	coefficients	8
		1.
		4.
		89.36552429199219
		1988.5126953125
		8273.587563696931
		-64.11314579200267
		-1.997047775683426
		-0.001689536922923614

# Fri 11:16:13 11-Mar-2022
begin	identify iazcomp.0047 - Ap 47
	id	iazcomp.0047
	task	identify
	image	iazcomp.0047 - Ap 47
	aperture	47
	aplow	1580.34
	aphigh	1588.98
	units	Angstroms
	features	14
	         72.99  8335.7061  8335.7067   4.0 1 1 
	        161.33  8330.4499  8330.4494   4.0 1 1 
	        319.71 8320.85457  8320.8554   4.0 1 1 
	        695.88 8297.18082  8297.1765   4.0 1 1 
	       1022.35 8275.62319  8275.6266   4.0 1 1 
	       1236.06 8261.00172  8261.0143   4.0 1 1 
	       1257.45 8259.51614   8259.511   4.0 1 1 
	       1325.68 8254.75029  8254.7422   4.0 1 1 
	       1341.81 8253.61766  8253.6156   4.0 1 1 
	       1359.25  8252.3905  8252.3936   4.0 1 1 
	       1651.72 8231.40607  8231.4069   4.0 1 1 
	       1843.55 8217.23087  8217.2264   4.0 1 1 
	       1947.07 8209.44531  8209.4461   4.0 1 1 
	       1973.06 8207.47607  8207.4785   4.0 1 1 
	function chebyshev
	order 4
	sample *
	naverage 1
	niterate 0
	low_reject 3.
	high_reject 3.
	grow 0.
	coefficients	8
		1.
		4.
		72.99320983886719
		1973.056518554687
		8273.5844435413
		-64.11283584754592
		-1.993359114658199
		-0.002183506325561225

# Tue 15:32:42 29-Mar-2022
begin	identify iazcomp.0047 - Ap 47
	id	iazcomp.0047
	task	identify
	image	iazcomp.0047 - Ap 47
	aperture	47
	aplow	1580.34
	aphigh	1588.98
	units	Angstroms
	features	14
	         73.63  8335.7084  8335.7067   4.0 1 1 
	        162.07 8330.44689  8330.4494   4.0 1 1 
	        320.40 8320.85464  8320.8554   4.0 1 1 
	        696.55 8297.18126  8297.1765   4.0 1 1 
	       1022.99 8275.62438  8275.6266   4.0 1 1 
	       1236.63 8261.00619  8261.0143   4.0 1 1 
	       1258.10 8259.51493   8259.511   4.0 1 1 
	       1326.35 8254.74675  8254.7422   4.0 1 1 
	       1342.49 8253.61315  8253.6156   4.0 1 1 
	       1359.84 8252.39249  8252.3936   4.0 1 1 
	       1652.27 8231.40899  8231.4069   4.0 1 1 
	       1844.14 8217.22965  8217.2264   4.0 1 1 
	       1947.66 8209.44382  8209.4461   4.0 1 1 
	       1973.60 8207.47765  8207.4785   4.0 1 1 
	function chebyshev
	order 4
	sample *
	naverage 1
	niterate 0
	low_reject 3.
	high_reject 3.
	grow 0.
	coefficients	8
		1.
		4.
		73.63088226318359
		1973.604858398438
		8273.587420620769
		-64.1137690878206
		-1.994394917481301
		-0.001610191889292308

# Mon 11:45:25 30-Jan-2023
begin	identify iazcomp.0047 - Ap 47
	id	iazcomp.0047
	task	identify
	image	iazcomp.0047 - Ap 47
	aperture	47
	aplow	1580.34
	aphigh	1588.98
	units	Angstroms
	features	18
	         78.28  8335.6977  8335.7067   4.0 1 1 
	        166.39 8330.45472  8330.4494   4.0 1 1 
	        324.67  8320.8644  8320.8554   4.0 1 1 
	        473.72 8311.63199  8311.6306   4.0 1 1 
	        701.02 8297.17562  8297.1765   4.0 1 1 
	        726.28 8295.54137  8295.5497   4.0 1 1 
	        835.33 8288.42003  8288.4143   4.0 1 1 
	       1027.43 8275.62106  8275.6266   4.0 1 1 
	       1241.02 8261.00768  8261.0143   4.0 1 1 
	       1262.55 8259.51235   8259.511   4.0 1 1 
	       1330.72 8254.75086  8254.7422   4.0 1 1 
	       1346.93 8253.61192  8253.6156   4.0 1 1 
	       1364.27 8252.39187  8252.3936   4.0 1 1 
	       1608.23 8234.94273  8234.9381   4.0 1 1 
	       1656.80 8231.40635  8231.4069   4.0 1 1 
	       1848.62 8217.23485  8217.2264   4.0 1 1 
	       1952.29 8209.44001  8209.4461   4.0 1 1 
	       1978.21  8207.4764  8207.4785   4.0 1 1 
	function chebyshev
	order 4
	sample *
	naverage 1
	niterate 0
	low_reject 3.
	high_reject 3.
	grow 0.
	coefficients	8
		1.
		4.
		78.2791290283203
		1978.212646484375
		8273.576404120281
		-64.10951585344333
		-1.989351074997846
		-0.001132323260806531

# Mon 13:58:22 06-Feb-2023
begin	identify iazcomp.0047 - Ap 47
	id	iazcomp.0047
	task	identify
	image	iazcomp.0047 - Ap 47
	aperture	47
	aplow	1580.34
	aphigh	1588.98
	units	Angstroms
	features	18
	         77.11 8335.70541  8335.7067   4.0 1 1 
	        165.44 8330.44988  8330.4494   4.0 1 1 
	        323.79 8320.85553  8320.8554   4.0 1 1 
	        472.70 8311.63172  8311.6306   4.0 1 1 
	        699.85 8297.18418  8297.1765   4.0 1 1 
	        725.29 8295.53798  8295.5497   4.0 1 1 
	        834.21  8288.4241  8288.4143   4.0 1 1 
	       1026.30 8275.62273  8275.6266   4.0 1 1 
	       1239.87 8261.00743  8261.0143   4.0 1 1 
	       1261.39 8259.51273   8259.511   4.0 1 1 
	       1329.64 8254.74425  8254.7422   4.0 1 1 
	       1345.76 8253.61222  8253.6156   4.0 1 1 
	       1363.11 8252.39065  8252.3936   4.0 1 1 
	       1606.94  8234.9463  8234.9381   4.0 1 1 
	       1655.54 8231.40698  8231.4069   4.0 1 1 
	       1847.37   8217.231  8217.2264   4.0 1 1 
	       1950.98 8209.43947  8209.4461   4.0 1 1 
	       1976.85 8207.47935  8207.4785   4.0 1 1 
	function chebyshev
	order 4
	sample *
	naverage 1
	niterate 0
	low_reject 3.
	high_reject 3.
	grow 0.
	coefficients	8
		1.
		4.
		77.10900878906249
		1976.845092773437
		8273.584783075303
		-64.1126611548564
		-1.992404628252519
		-3.656758375345430E-4

